% # columns="iteration, evaluation, min max(neg(.)) min(pos(.)) max correlation, correlation matrix principal axes lengths  (sorted square roots of eigenvalues of correlation matrix)", seed=596332, Fri Nov  1 18:21:15 2024
1 13 -0.022777264751649973 -0.0038883560628189618 0.0035771055691608327 0.028636295649414983 0.9620209990134104 0.9719498919293171 0.9751787477761121 0.9850070147970248 0.9879817105354264 0.9922066663492548 0.995835170995307 0.9973620701051197 0.9975281427909534 0.9986282312601618 0.9992141239814054 0.9994977160814936 1.0001696426740463 1.0011174711450106 1.0014037413927876 1.0017988828017843 1.0020123184361203 1.0024830276017989 1.0029094782131616 1.0039301764825042 1.0054031076685088 1.0092567774463015 1.0155376455046763 1.0276151984008366 1.0599227071639785
2 26 -0.028148756882862613 -0.006388851196121566 0.006211816566425469 0.03132000000615087 0.9620209990134104 0.9719498919293171 0.9751787477761121 0.9850070147970248 0.9879817105354264 0.9922066663492548 0.995835170995307 0.9973620701051197 0.9975281427909534 0.9986282312601618 0.9992141239814054 0.9994977160814936 1.0001696426740463 1.0011174711450106 1.0014037413927876 1.0017988828017843 1.0020123184361203 1.0024830276017989 1.0029094782131616 1.0039301764825042 1.0054031076685088 1.0092567774463015 1.0155376455046763 1.0276151984008366 1.0599227071639785
3 39 -0.04520111258365345 -0.008823382202198407 0.008710490497548677 0.03812457515876948 0.9620209990134104 0.9719498919293171 0.9751787477761121 0.9850070147970248 0.9879817105354264 0.9922066663492548 0.995835170995307 0.9973620701051197 0.9975281427909534 0.9986282312601618 0.9992141239814054 0.9994977160814936 1.0001696426740463 1.0011174711450106 1.0014037413927876 1.0017988828017843 1.0020123184361203 1.0024830276017989 1.0029094782131616 1.0039301764825042 1.0054031076685088 1.0092567774463015 1.0155376455046763 1.0276151984008366 1.0599227071639785
4 52 -0.04261141455790532 -0.010462220975311147 0.00964194909613025 0.04409669587198006 0.9620209990134104 0.9719498919293171 0.9751787477761121 0.9850070147970248 0.9879817105354264 0.9922066663492548 0.995835170995307 0.9973620701051197 0.9975281427909534 0.9986282312601618 0.9992141239814054 0.9994977160814936 1.0001696426740463 1.0011174711450106 1.0014037413927876 1.0017988828017843 1.0020123184361203 1.0024830276017989 1.0029094782131616 1.0039301764825042 1.0054031076685088 1.0092567774463015 1.0155376455046763 1.0276151984008366 1.0599227071639785
5 65 -0.068315110339201 -0.0119286864776703 0.011565468475425573 0.051091406622399964 0.9620209990134104 0.9719498919293171 0.9751787477761121 0.9850070147970248 0.9879817105354264 0.9922066663492548 0.995835170995307 0.9973620701051197 0.9975281427909534 0.9986282312601618 0.9992141239814054 0.9994977160814936 1.0001696426740463 1.0011174711450106 1.0014037413927876 1.0017988828017843 1.0020123184361203 1.0024830276017989 1.0029094782131616 1.0039301764825042 1.0054031076685088 1.0092567774463015 1.0155376455046763 1.0276151984008366 1.0599227071639785
6 78 -0.095772136932123 -0.013311867355136087 0.012600267432620823 0.07301502440070833 0.9620209990134104 0.9719498919293171 0.9751787477761121 0.9850070147970248 0.9879817105354264 0.9922066663492548 0.995835170995307 0.9973620701051197 0.9975281427909534 0.9986282312601618 0.9992141239814054 0.9994977160814936 1.0001696426740463 1.0011174711450106 1.0014037413927876 1.0017988828017843 1.0020123184361203 1.0024830276017989 1.0029094782131616 1.0039301764825042 1.0054031076685088 1.0092567774463015 1.0155376455046763 1.0276151984008366 1.0599227071639785
7 91 -0.11804011947190167 -0.013443509073386609 0.014025076345704154 0.07980396200305134 0.9620209990134104 0.9719498919293171 0.9751787477761121 0.9850070147970248 0.9879817105354264 0.9922066663492548 0.995835170995307 0.9973620701051197 0.9975281427909534 0.9986282312601618 0.9992141239814054 0.9994977160814936 1.0001696426740463 1.0011174711450106 1.0014037413927876 1.0017988828017843 1.0020123184361203 1.0024830276017989 1.0029094782131616 1.0039301764825042 1.0054031076685088 1.0092567774463015 1.0155376455046763 1.0276151984008366 1.0599227071639785
8 104 -0.13870269559097995 -0.014478721241968147 0.01623013352102868 0.10215903290923303 0.9620209990134104 0.9719498919293171 0.9751787477761121 0.9850070147970248 0.9879817105354264 0.9922066663492548 0.995835170995307 0.9973620701051197 0.9975281427909534 0.9986282312601618 0.9992141239814054 0.9994977160814936 1.0001696426740463 1.0011174711450106 1.0014037413927876 1.0017988828017843 1.0020123184361203 1.0024830276017989 1.0029094782131616 1.0039301764825042 1.0054031076685088 1.0092567774463015 1.0155376455046763 1.0276151984008366 1.0599227071639785
9 117 -0.15712036582851321 -0.016490292850016443 0.016022021308390227 0.12270436660645628 0.9620209990134104 0.9719498919293171 0.9751787477761121 0.9850070147970248 0.9879817105354264 0.9922066663492548 0.995835170995307 0.9973620701051197 0.9975281427909534 0.9986282312601618 0.9992141239814054 0.9994977160814936 1.0001696426740463 1.0011174711450106 1.0014037413927876 1.0017988828017843 1.0020123184361203 1.0024830276017989 1.0029094782131616 1.0039301764825042 1.0054031076685088 1.0092567774463015 1.0155376455046763 1.0276151984008366 1.0599227071639785
10 130 -0.16348154337367496 -0.019265522292411838 0.018959919654899224 0.1427818181334326 0.9620209990134104 0.9719498919293171 0.9751787477761121 0.9850070147970248 0.9879817105354264 0.9922066663492548 0.995835170995307 0.9973620701051197 0.9975281427909534 0.9986282312601618 0.9992141239814054 0.9994977160814936 1.0001696426740463 1.0011174711450106 1.0014037413927876 1.0017988828017843 1.0020123184361203 1.0024830276017989 1.0029094782131616 1.0039301764825042 1.0054031076685088 1.0092567774463015 1.0155376455046763 1.0276151984008366 1.0599227071639785
11 143 -0.16537747040733916 -0.019150221276173187 0.020005192485346525 0.15112891912920415 0.9620209990134104 0.9719498919293171 0.9751787477761121 0.9850070147970248 0.9879817105354264 0.9922066663492548 0.995835170995307 0.9973620701051197 0.9975281427909534 0.9986282312601618 0.9992141239814054 0.9994977160814936 1.0001696426740463 1.0011174711450106 1.0014037413927876 1.0017988828017843 1.0020123184361203 1.0024830276017989 1.0029094782131616 1.0039301764825042 1.0054031076685088 1.0092567774463015 1.0155376455046763 1.0276151984008366 1.0599227071639785
12 156 -0.15925607346596005 -0.019864815885552223 0.01878194524362861 0.15940529831952685 0.9620209990134104 0.9719498919293171 0.9751787477761121 0.9850070147970248 0.9879817105354264 0.9922066663492548 0.995835170995307 0.9973620701051197 0.9975281427909534 0.9986282312601618 0.9992141239814054 0.9994977160814936 1.0001696426740463 1.0011174711450106 1.0014037413927876 1.0017988828017843 1.0020123184361203 1.0024830276017989 1.0029094782131616 1.0039301764825042 1.0054031076685088 1.0092567774463015 1.0155376455046763 1.0276151984008366 1.0599227071639785
13 169 -0.15756413337128594 -0.018190222096692375 0.02148228257074118 0.17176886113051082 0.9620209990134104 0.9719498919293171 0.9751787477761121 0.9850070147970248 0.9879817105354264 0.9922066663492548 0.995835170995307 0.9973620701051197 0.9975281427909534 0.9986282312601618 0.9992141239814054 0.9994977160814936 1.0001696426740463 1.0011174711450106 1.0014037413927876 1.0017988828017843 1.0020123184361203 1.0024830276017989 1.0029094782131616 1.0039301764825042 1.0054031076685088 1.0092567774463015 1.0155376455046763 1.0276151984008366 1.0599227071639785
14 182 -0.15229445059190574 -0.022274217701959465 0.022358429380996664 0.16795723398602222 0.9620209990134104 0.9719498919293171 0.9751787477761121 0.9850070147970248 0.9879817105354264 0.9922066663492548 0.995835170995307 0.9973620701051197 0.9975281427909534 0.9986282312601618 0.9992141239814054 0.9994977160814936 1.0001696426740463 1.0011174711450106 1.0014037413927876 1.0017988828017843 1.0020123184361203 1.0024830276017989 1.0029094782131616 1.0039301764825042 1.0054031076685088 1.0092567774463015 1.0155376455046763 1.0276151984008366 1.0599227071639785
15 195 -0.1529845694441126 -0.023227946700502884 0.022404557336710453 0.1837015755954545 0.9620209990134104 0.9719498919293171 0.9751787477761121 0.9850070147970248 0.9879817105354264 0.9922066663492548 0.995835170995307 0.9973620701051197 0.9975281427909534 0.9986282312601618 0.9992141239814054 0.9994977160814936 1.0001696426740463 1.0011174711450106 1.0014037413927876 1.0017988828017843 1.0020123184361203 1.0024830276017989 1.0029094782131616 1.0039301764825042 1.0054031076685088 1.0092567774463015 1.0155376455046763 1.0276151984008366 1.0599227071639785
16 208 -0.17543913273665993 -0.025823138958341284 0.024138694472128217 0.18164928732345464 0.9620209990134104 0.9719498919293171 0.9751787477761121 0.9850070147970248 0.9879817105354264 0.9922066663492548 0.995835170995307 0.9973620701051197 0.9975281427909534 0.9986282312601618 0.9992141239814054 0.9994977160814936 1.0001696426740463 1.0011174711450106 1.0014037413927876 1.0017988828017843 1.0020123184361203 1.0024830276017989 1.0029094782131616 1.0039301764825042 1.0054031076685088 1.0092567774463015 1.0155376455046763 1.0276151984008366 1.0599227071639785
17 221 -0.19379660969026527 -0.026908394273319813 0.026969950244031968 0.1862314068788111 0.9620209990134104 0.9719498919293171 0.9751787477761121 0.9850070147970248 0.9879817105354264 0.9922066663492548 0.995835170995307 0.9973620701051197 0.9975281427909534 0.9986282312601618 0.9992141239814054 0.9994977160814936 1.0001696426740463 1.0011174711450106 1.0014037413927876 1.0017988828017843 1.0020123184361203 1.0024830276017989 1.0029094782131616 1.0039301764825042 1.0054031076685088 1.0092567774463015 1.0155376455046763 1.0276151984008366 1.0599227071639785
18 234 -0.20118777047683062 -0.032281131488505914 0.026650186505790027 0.18989060947489272 0.9620209990134104 0.9719498919293171 0.9751787477761121 0.9850070147970248 0.9879817105354264 0.9922066663492548 0.995835170995307 0.9973620701051197 0.9975281427909534 0.9986282312601618 0.9992141239814054 0.9994977160814936 1.0001696426740463 1.0011174711450106 1.0014037413927876 1.0017988828017843 1.0020123184361203 1.0024830276017989 1.0029094782131616 1.0039301764825042 1.0054031076685088 1.0092567774463015 1.0155376455046763 1.0276151984008366 1.0599227071639785
19 247 -0.2210957528847087 -0.0306576696443469 0.030817136681888437 0.20883191013974525 0.9620209990134104 0.9719498919293171 0.9751787477761121 0.9850070147970248 0.9879817105354264 0.9922066663492548 0.995835170995307 0.9973620701051197 0.9975281427909534 0.9986282312601618 0.9992141239814054 0.9994977160814936 1.0001696426740463 1.0011174711450106 1.0014037413927876 1.0017988828017843 1.0020123184361203 1.0024830276017989 1.0029094782131616 1.0039301764825042 1.0054031076685088 1.0092567774463015 1.0155376455046763 1.0276151984008366 1.0599227071639785
20 260 -0.2382936907087905 -0.032690031411720305 0.03492539253549448 0.2279462257488337 0.9620209990134104 0.9719498919293171 0.9751787477761121 0.9850070147970248 0.9879817105354264 0.9922066663492548 0.995835170995307 0.9973620701051197 0.9975281427909534 0.9986282312601618 0.9992141239814054 0.9994977160814936 1.0001696426740463 1.0011174711450106 1.0014037413927876 1.0017988828017843 1.0020123184361203 1.0024830276017989 1.0029094782131616 1.0039301764825042 1.0054031076685088 1.0092567774463015 1.0155376455046763 1.0276151984008366 1.0599227071639785
21 273 -0.25421483415778834 -0.03551832679802061 0.033448701872651504 0.24415597324592372 0.9620209990134104 0.9719498919293171 0.9751787477761121 0.9850070147970248 0.9879817105354264 0.9922066663492548 0.995835170995307 0.9973620701051197 0.9975281427909534 0.9986282312601618 0.9992141239814054 0.9994977160814936 1.0001696426740463 1.0011174711450106 1.0014037413927876 1.0017988828017843 1.0020123184361203 1.0024830276017989 1.0029094782131616 1.0039301764825042 1.0054031076685088 1.0092567774463015 1.0155376455046763 1.0276151984008366 1.0599227071639785
22 286 -0.25870316129209275 -0.03583820799113638 0.0333697975592637 0.25088110195558905 0.9620209990134104 0.9719498919293171 0.9751787477761121 0.9850070147970248 0.9879817105354264 0.9922066663492548 0.995835170995307 0.9973620701051197 0.9975281427909534 0.9986282312601618 0.9992141239814054 0.9994977160814936 1.0001696426740463 1.0011174711450106 1.0014037413927876 1.0017988828017843 1.0020123184361203 1.0024830276017989 1.0029094782131616 1.0039301764825042 1.0054031076685088 1.0092567774463015 1.0155376455046763 1.0276151984008366 1.0599227071639785
23 299 -0.26575928524871456 -0.040805183643762295 0.036237684348785104 0.25886217417939134 0.9620209990134104 0.9719498919293171 0.9751787477761121 0.9850070147970248 0.9879817105354264 0.9922066663492548 0.995835170995307 0.9973620701051197 0.9975281427909534 0.9986282312601618 0.9992141239814054 0.9994977160814936 1.0001696426740463 1.0011174711450106 1.0014037413927876 1.0017988828017843 1.0020123184361203 1.0024830276017989 1.0029094782131616 1.0039301764825042 1.0054031076685088 1.0092567774463015 1.0155376455046763 1.0276151984008366 1.0599227071639785
24 312 -0.27290416227348796 -0.04281698776253095 0.0395129595742482 0.25343510657410845 0.9620209990134104 0.9719498919293171 0.9751787477761121 0.9850070147970248 0.9879817105354264 0.9922066663492548 0.995835170995307 0.9973620701051197 0.9975281427909534 0.9986282312601618 0.9992141239814054 0.9994977160814936 1.0001696426740463 1.0011174711450106 1.0014037413927876 1.0017988828017843 1.0020123184361203 1.0024830276017989 1.0029094782131616 1.0039301764825042 1.0054031076685088 1.0092567774463015 1.0155376455046763 1.0276151984008366 1.0599227071639785
25 325 -0.2724262898517058 -0.04448137872760289 0.03991234981492499 0.2529607681378502 0.9620209990134104 0.9719498919293171 0.9751787477761121 0.9850070147970248 0.9879817105354264 0.9922066663492548 0.995835170995307 0.9973620701051197 0.9975281427909534 0.9986282312601618 0.9992141239814054 0.9994977160814936 1.0001696426740463 1.0011174711450106 1.0014037413927876 1.0017988828017843 1.0020123184361203 1.0024830276017989 1.0029094782131616 1.0039301764825042 1.0054031076685088 1.0092567774463015 1.0155376455046763 1.0276151984008366 1.0599227071639785
26 338 -0.26825876513152236 -0.04324555842663707 0.041717292845338094 0.263778613280747 0.7603671990945966 0.8448815417149664 0.8785190080703764 0.8922871782944194 0.9020026916755866 0.9048593903449744 0.9095791302068476 0.9205475212466459 0.9275359195516013 0.9311166874668136 0.9402540833167419 0.9508084288770563 0.9587752227063818 0.9607837742035754 0.9828437181810818 0.9914147513552194 0.9953909541425883 1.014434242996763 1.0318950161508482 1.0401701625246627 1.0578510811584003 1.0960480867940792 1.1257361819096774 1.1732709076108414 1.5477110272209815
27 351 -0.2713068564061932 -0.04529948408035091 0.044229004162546555 0.27337756810265074 0.7603671990945966 0.8448815417149664 0.8785190080703764 0.8922871782944194 0.9020026916755866 0.9048593903449744 0.9095791302068476 0.9205475212466459 0.9275359195516013 0.9311166874668136 0.9402540833167419 0.9508084288770563 0.9587752227063818 0.9607837742035754 0.9828437181810818 0.9914147513552194 0.9953909541425883 1.014434242996763 1.0318950161508482 1.0401701625246627 1.0578510811584003 1.0960480867940792 1.1257361819096774 1.1732709076108414 1.5477110272209815
28 364 -0.27009967330385337 -0.045933569787092995 0.04225420429826021 0.2710259950085697 0.7603671990945966 0.8448815417149664 0.8785190080703764 0.8922871782944194 0.9020026916755866 0.9048593903449744 0.9095791302068476 0.9205475212466459 0.9275359195516013 0.9311166874668136 0.9402540833167419 0.9508084288770563 0.9587752227063818 0.9607837742035754 0.9828437181810818 0.9914147513552194 0.9953909541425883 1.014434242996763 1.0318950161508482 1.0401701625246627 1.0578510811584003 1.0960480867940792 1.1257361819096774 1.1732709076108414 1.5477110272209815
29 377 -0.26801333640471386 -0.04785565440849741 0.04340971693727787 0.28636339665624944 0.7603671990945966 0.8448815417149664 0.8785190080703764 0.8922871782944194 0.9020026916755866 0.9048593903449744 0.9095791302068476 0.9205475212466459 0.9275359195516013 0.9311166874668136 0.9402540833167419 0.9508084288770563 0.9587752227063818 0.9607837742035754 0.9828437181810818 0.9914147513552194 0.9953909541425883 1.014434242996763 1.0318950161508482 1.0401701625246627 1.0578510811584003 1.0960480867940792 1.1257361819096774 1.1732709076108414 1.5477110272209815
30 390 -0.26443153461246754 -0.047190473294260724 0.04716573709717781 0.2853082594618926 0.7603671990945966 0.8448815417149664 0.8785190080703764 0.8922871782944194 0.9020026916755866 0.9048593903449744 0.9095791302068476 0.9205475212466459 0.9275359195516013 0.9311166874668136 0.9402540833167419 0.9508084288770563 0.9587752227063818 0.9607837742035754 0.9828437181810818 0.9914147513552194 0.9953909541425883 1.014434242996763 1.0318950161508482 1.0401701625246627 1.0578510811584003 1.0960480867940792 1.1257361819096774 1.1732709076108414 1.5477110272209815
31 403 -0.2674800486692504 -0.047132189743915684 0.046808748172925 0.2839138984468689 0.7603671990945966 0.8448815417149664 0.8785190080703764 0.8922871782944194 0.9020026916755866 0.9048593903449744 0.9095791302068476 0.9205475212466459 0.9275359195516013 0.9311166874668136 0.9402540833167419 0.9508084288770563 0.9587752227063818 0.9607837742035754 0.9828437181810818 0.9914147513552194 0.9953909541425883 1.014434242996763 1.0318950161508482 1.0401701625246627 1.0578510811584003 1.0960480867940792 1.1257361819096774 1.1732709076108414 1.5477110272209815
32 416 -0.26998741442828705 -0.046709375873456305 0.04976631292026697 0.28331113135264263 0.7603671990945966 0.8448815417149664 0.8785190080703764 0.8922871782944194 0.9020026916755866 0.9048593903449744 0.9095791302068476 0.9205475212466459 0.9275359195516013 0.9311166874668136 0.9402540833167419 0.9508084288770563 0.9587752227063818 0.9607837742035754 0.9828437181810818 0.9914147513552194 0.9953909541425883 1.014434242996763 1.0318950161508482 1.0401701625246627 1.0578510811584003 1.0960480867940792 1.1257361819096774 1.1732709076108414 1.5477110272209815
33 429 -0.2737560280920115 -0.04613988847689879 0.053130746457816014 0.2961000463347745 0.7603671990945966 0.8448815417149664 0.8785190080703764 0.8922871782944194 0.9020026916755866 0.9048593903449744 0.9095791302068476 0.9205475212466459 0.9275359195516013 0.9311166874668136 0.9402540833167419 0.9508084288770563 0.9587752227063818 0.9607837742035754 0.9828437181810818 0.9914147513552194 0.9953909541425883 1.014434242996763 1.0318950161508482 1.0401701625246627 1.0578510811584003 1.0960480867940792 1.1257361819096774 1.1732709076108414 1.5477110272209815
34 442 -0.2769535966715965 -0.04701634729644617 0.05166196576837029 0.3126286615731685 0.7603671990945966 0.8448815417149664 0.8785190080703764 0.8922871782944194 0.9020026916755866 0.9048593903449744 0.9095791302068476 0.9205475212466459 0.9275359195516013 0.9311166874668136 0.9402540833167419 0.9508084288770563 0.9587752227063818 0.9607837742035754 0.9828437181810818 0.9914147513552194 0.9953909541425883 1.014434242996763 1.0318950161508482 1.0401701625246627 1.0578510811584003 1.0960480867940792 1.1257361819096774 1.1732709076108414 1.5477110272209815
35 455 -0.2801422533283796 -0.046745371052919704 0.05268713476124464 0.3198303158664655 0.7603671990945966 0.8448815417149664 0.8785190080703764 0.8922871782944194 0.9020026916755866 0.9048593903449744 0.9095791302068476 0.9205475212466459 0.9275359195516013 0.9311166874668136 0.9402540833167419 0.9508084288770563 0.9587752227063818 0.9607837742035754 0.9828437181810818 0.9914147513552194 0.9953909541425883 1.014434242996763 1.0318950161508482 1.0401701625246627 1.0578510811584003 1.0960480867940792 1.1257361819096774 1.1732709076108414 1.5477110272209815
36 468 -0.28536299354546685 -0.045905779664084434 0.057043494250563966 0.32833031029808707 0.7603671990945966 0.8448815417149664 0.8785190080703764 0.8922871782944194 0.9020026916755866 0.9048593903449744 0.9095791302068476 0.9205475212466459 0.9275359195516013 0.9311166874668136 0.9402540833167419 0.9508084288770563 0.9587752227063818 0.9607837742035754 0.9828437181810818 0.9914147513552194 0.9953909541425883 1.014434242996763 1.0318950161508482 1.0401701625246627 1.0578510811584003 1.0960480867940792 1.1257361819096774 1.1732709076108414 1.5477110272209815
37 481 -0.2876705999094573 -0.04624110164487048 0.05746137018585021 0.3396666960545946 0.7603671990945966 0.8448815417149664 0.8785190080703764 0.8922871782944194 0.9020026916755866 0.9048593903449744 0.9095791302068476 0.9205475212466459 0.9275359195516013 0.9311166874668136 0.9402540833167419 0.9508084288770563 0.9587752227063818 0.9607837742035754 0.9828437181810818 0.9914147513552194 0.9953909541425883 1.014434242996763 1.0318950161508482 1.0401701625246627 1.0578510811584003 1.0960480867940792 1.1257361819096774 1.1732709076108414 1.5477110272209815
38 494 -0.30614720228891396 -0.04737730549641853 0.059855280197040395 0.33913365048238714 0.7603671990945966 0.8448815417149664 0.8785190080703764 0.8922871782944194 0.9020026916755866 0.9048593903449744 0.9095791302068476 0.9205475212466459 0.9275359195516013 0.9311166874668136 0.9402540833167419 0.9508084288770563 0.9587752227063818 0.9607837742035754 0.9828437181810818 0.9914147513552194 0.9953909541425883 1.014434242996763 1.0318950161508482 1.0401701625246627 1.0578510811584003 1.0960480867940792 1.1257361819096774 1.1732709076108414 1.5477110272209815
39 507 -0.3024422107085678 -0.044203850715652436 0.05703750668875042 0.33754283184287714 0.7603671990945966 0.8448815417149664 0.8785190080703764 0.8922871782944194 0.9020026916755866 0.9048593903449744 0.9095791302068476 0.9205475212466459 0.9275359195516013 0.9311166874668136 0.9402540833167419 0.9508084288770563 0.9587752227063818 0.9607837742035754 0.9828437181810818 0.9914147513552194 0.9953909541425883 1.014434242996763 1.0318950161508482 1.0401701625246627 1.0578510811584003 1.0960480867940792 1.1257361819096774 1.1732709076108414 1.5477110272209815
40 520 -0.30095493001669715 -0.04526141431550704 0.058312286307686256 0.33340792026128563 0.7603671990945966 0.8448815417149664 0.8785190080703764 0.8922871782944194 0.9020026916755866 0.9048593903449744 0.9095791302068476 0.9205475212466459 0.9275359195516013 0.9311166874668136 0.9402540833167419 0.9508084288770563 0.9587752227063818 0.9607837742035754 0.9828437181810818 0.9914147513552194 0.9953909541425883 1.014434242996763 1.0318950161508482 1.0401701625246627 1.0578510811584003 1.0960480867940792 1.1257361819096774 1.1732709076108414 1.5477110272209815
41 533 -0.3162834672180243 -0.04791237017355526 0.05824709374797948 0.32445464038408045 0.7603671990945966 0.8448815417149664 0.8785190080703764 0.8922871782944194 0.9020026916755866 0.9048593903449744 0.9095791302068476 0.9205475212466459 0.9275359195516013 0.9311166874668136 0.9402540833167419 0.9508084288770563 0.9587752227063818 0.9607837742035754 0.9828437181810818 0.9914147513552194 0.9953909541425883 1.014434242996763 1.0318950161508482 1.0401701625246627 1.0578510811584003 1.0960480867940792 1.1257361819096774 1.1732709076108414 1.5477110272209815
42 546 -0.3194172810742128 -0.04767040679170681 0.05707976147038746 0.3256150086142845 0.7603671990945966 0.8448815417149664 0.8785190080703764 0.8922871782944194 0.9020026916755866 0.9048593903449744 0.9095791302068476 0.9205475212466459 0.9275359195516013 0.9311166874668136 0.9402540833167419 0.9508084288770563 0.9587752227063818 0.9607837742035754 0.9828437181810818 0.9914147513552194 0.9953909541425883 1.014434242996763 1.0318950161508482 1.0401701625246627 1.0578510811584003 1.0960480867940792 1.1257361819096774 1.1732709076108414 1.5477110272209815
43 559 -0.3224051162130993 -0.05039742274944474 0.0600227186706683 0.31140865941539214 0.7603671990945966 0.8448815417149664 0.8785190080703764 0.8922871782944194 0.9020026916755866 0.9048593903449744 0.9095791302068476 0.9205475212466459 0.9275359195516013 0.9311166874668136 0.9402540833167419 0.9508084288770563 0.9587752227063818 0.9607837742035754 0.9828437181810818 0.9914147513552194 0.9953909541425883 1.014434242996763 1.0318950161508482 1.0401701625246627 1.0578510811584003 1.0960480867940792 1.1257361819096774 1.1732709076108414 1.5477110272209815
44 572 -0.31495275036099973 -0.0498037341241731 0.06030835228751197 0.32121724886497605 0.7603671990945966 0.8448815417149664 0.8785190080703764 0.8922871782944194 0.9020026916755866 0.9048593903449744 0.9095791302068476 0.9205475212466459 0.9275359195516013 0.9311166874668136 0.9402540833167419 0.9508084288770563 0.9587752227063818 0.9607837742035754 0.9828437181810818 0.9914147513552194 0.9953909541425883 1.014434242996763 1.0318950161508482 1.0401701625246627 1.0578510811584003 1.0960480867940792 1.1257361819096774 1.1732709076108414 1.5477110272209815
45 585 -0.310280062204868 -0.05114687250846946 0.056086360836021434 0.32074369521151275 0.7603671990945966 0.8448815417149664 0.8785190080703764 0.8922871782944194 0.9020026916755866 0.9048593903449744 0.9095791302068476 0.9205475212466459 0.9275359195516013 0.9311166874668136 0.9402540833167419 0.9508084288770563 0.9587752227063818 0.9607837742035754 0.9828437181810818 0.9914147513552194 0.9953909541425883 1.014434242996763 1.0318950161508482 1.0401701625246627 1.0578510811584003 1.0960480867940792 1.1257361819096774 1.1732709076108414 1.5477110272209815
46 598 -0.3261061596900921 -0.051221973925345644 0.054138664968732944 0.31992095630305173 0.7603671990945966 0.8448815417149664 0.8785190080703764 0.8922871782944194 0.9020026916755866 0.9048593903449744 0.9095791302068476 0.9205475212466459 0.9275359195516013 0.9311166874668136 0.9402540833167419 0.9508084288770563 0.9587752227063818 0.9607837742035754 0.9828437181810818 0.9914147513552194 0.9953909541425883 1.014434242996763 1.0318950161508482 1.0401701625246627 1.0578510811584003 1.0960480867940792 1.1257361819096774 1.1732709076108414 1.5477110272209815
47 611 -0.31501978503612293 -0.049292915229073676 0.056003551569237184 0.3153469091680464 0.7603671990945966 0.8448815417149664 0.8785190080703764 0.8922871782944194 0.9020026916755866 0.9048593903449744 0.9095791302068476 0.9205475212466459 0.9275359195516013 0.9311166874668136 0.9402540833167419 0.9508084288770563 0.9587752227063818 0.9607837742035754 0.9828437181810818 0.9914147513552194 0.9953909541425883 1.014434242996763 1.0318950161508482 1.0401701625246627 1.0578510811584003 1.0960480867940792 1.1257361819096774 1.1732709076108414 1.5477110272209815
48 624 -0.3130327296821548 -0.04922629763012337 0.05771830548634236 0.3230228937214378 0.7603671990945966 0.8448815417149664 0.8785190080703764 0.8922871782944194 0.9020026916755866 0.9048593903449744 0.9095791302068476 0.9205475212466459 0.9275359195516013 0.9311166874668136 0.9402540833167419 0.9508084288770563 0.9587752227063818 0.9607837742035754 0.9828437181810818 0.9914147513552194 0.9953909541425883 1.014434242996763 1.0318950161508482 1.0401701625246627 1.0578510811584003 1.0960480867940792 1.1257361819096774 1.1732709076108414 1.5477110272209815
49 637 -0.30987198645929026 -0.04770689766820105 0.056948082381951724 0.32141400169521755 0.7603671990945966 0.8448815417149664 0.8785190080703764 0.8922871782944194 0.9020026916755866 0.9048593903449744 0.9095791302068476 0.9205475212466459 0.9275359195516013 0.9311166874668136 0.9402540833167419 0.9508084288770563 0.9587752227063818 0.9607837742035754 0.9828437181810818 0.9914147513552194 0.9953909541425883 1.014434242996763 1.0318950161508482 1.0401701625246627 1.0578510811584003 1.0960480867940792 1.1257361819096774 1.1732709076108414 1.5477110272209815
50 650 -0.3022591765567618 -0.04920444227981845 0.05756078347716216 0.3217053390174557 0.7603671990945966 0.8448815417149664 0.8785190080703764 0.8922871782944194 0.9020026916755866 0.9048593903449744 0.9095791302068476 0.9205475212466459 0.9275359195516013 0.9311166874668136 0.9402540833167419 0.9508084288770563 0.9587752227063818 0.9607837742035754 0.9828437181810818 0.9914147513552194 0.9953909541425883 1.014434242996763 1.0318950161508482 1.0401701625246627 1.0578510811584003 1.0960480867940792 1.1257361819096774 1.1732709076108414 1.5477110272209815
51 663 -0.29992656589942795 -0.048460868599693424 0.06085725093240385 0.3264462323802162 0.6674914366095348 0.7870267528664538 0.8015977588397533 0.808787832948888 0.8431510833281448 0.8498684918318004 0.8573733354096214 0.8877684626315567 0.8960076198806615 0.9103345719687329 0.9211007571947813 0.9357971331806322 0.9488709189301097 0.9634990454246438 0.976137971747425 0.9969966496978871 1.019033006086995 1.0317396363028466 1.0501553106264692 1.0661219325819402 1.083412945599205 1.1643842407578102 1.1770510245046517 1.2790215052110463 1.630169658164964
52 676 -0.30028503012304564 -0.05043374764512653 0.05855723040012611 0.32822908739821477 0.6674914366095348 0.7870267528664538 0.8015977588397533 0.808787832948888 0.8431510833281448 0.8498684918318004 0.8573733354096214 0.8877684626315567 0.8960076198806615 0.9103345719687329 0.9211007571947813 0.9357971331806322 0.9488709189301097 0.9634990454246438 0.976137971747425 0.9969966496978871 1.019033006086995 1.0317396363028466 1.0501553106264692 1.0661219325819402 1.083412945599205 1.1643842407578102 1.1770510245046517 1.2790215052110463 1.630169658164964
53 689 -0.2972527260752176 -0.05065482673246085 0.056225818263320654 0.33100847140337614 0.6674914366095348 0.7870267528664538 0.8015977588397533 0.808787832948888 0.8431510833281448 0.8498684918318004 0.8573733354096214 0.8877684626315567 0.8960076198806615 0.9103345719687329 0.9211007571947813 0.9357971331806322 0.9488709189301097 0.9634990454246438 0.976137971747425 0.9969966496978871 1.019033006086995 1.0317396363028466 1.0501553106264692 1.0661219325819402 1.083412945599205 1.1643842407578102 1.1770510245046517 1.2790215052110463 1.630169658164964
54 702 -0.2977129555871553 -0.04818183377171299 0.05433925371091221 0.3294735612410239 0.6674914366095348 0.7870267528664538 0.8015977588397533 0.808787832948888 0.8431510833281448 0.8498684918318004 0.8573733354096214 0.8877684626315567 0.8960076198806615 0.9103345719687329 0.9211007571947813 0.9357971331806322 0.9488709189301097 0.9634990454246438 0.976137971747425 0.9969966496978871 1.019033006086995 1.0317396363028466 1.0501553106264692 1.0661219325819402 1.083412945599205 1.1643842407578102 1.1770510245046517 1.2790215052110463 1.630169658164964
55 715 -0.29852080428041694 -0.04789157433757102 0.05474798305012993 0.33876598016003495 0.6674914366095348 0.7870267528664538 0.8015977588397533 0.808787832948888 0.8431510833281448 0.8498684918318004 0.8573733354096214 0.8877684626315567 0.8960076198806615 0.9103345719687329 0.9211007571947813 0.9357971331806322 0.9488709189301097 0.9634990454246438 0.976137971747425 0.9969966496978871 1.019033006086995 1.0317396363028466 1.0501553106264692 1.0661219325819402 1.083412945599205 1.1643842407578102 1.1770510245046517 1.2790215052110463 1.630169658164964
56 728 -0.29746427763923156 -0.044198035298288155 0.054618618964852816 0.3437791746288286 0.6674914366095348 0.7870267528664538 0.8015977588397533 0.808787832948888 0.8431510833281448 0.8498684918318004 0.8573733354096214 0.8877684626315567 0.8960076198806615 0.9103345719687329 0.9211007571947813 0.9357971331806322 0.9488709189301097 0.9634990454246438 0.976137971747425 0.9969966496978871 1.019033006086995 1.0317396363028466 1.0501553106264692 1.0661219325819402 1.083412945599205 1.1643842407578102 1.1770510245046517 1.2790215052110463 1.630169658164964
57 741 -0.3046610266006527 -0.050782213661837036 0.05697117672879498 0.34583328651616785 0.6674914366095348 0.7870267528664538 0.8015977588397533 0.808787832948888 0.8431510833281448 0.8498684918318004 0.8573733354096214 0.8877684626315567 0.8960076198806615 0.9103345719687329 0.9211007571947813 0.9357971331806322 0.9488709189301097 0.9634990454246438 0.976137971747425 0.9969966496978871 1.019033006086995 1.0317396363028466 1.0501553106264692 1.0661219325819402 1.083412945599205 1.1643842407578102 1.1770510245046517 1.2790215052110463 1.630169658164964
58 754 -0.30832701750448643 -0.04957997873491152 0.052832878319632584 0.35317241101350455 0.6674914366095348 0.7870267528664538 0.8015977588397533 0.808787832948888 0.8431510833281448 0.8498684918318004 0.8573733354096214 0.8877684626315567 0.8960076198806615 0.9103345719687329 0.9211007571947813 0.9357971331806322 0.9488709189301097 0.9634990454246438 0.976137971747425 0.9969966496978871 1.019033006086995 1.0317396363028466 1.0501553106264692 1.0661219325819402 1.083412945599205 1.1643842407578102 1.1770510245046517 1.2790215052110463 1.630169658164964
59 767 -0.3111724069327897 -0.04948327954300988 0.0549055121910906 0.3487702392962943 0.6674914366095348 0.7870267528664538 0.8015977588397533 0.808787832948888 0.8431510833281448 0.8498684918318004 0.8573733354096214 0.8877684626315567 0.8960076198806615 0.9103345719687329 0.9211007571947813 0.9357971331806322 0.9488709189301097 0.9634990454246438 0.976137971747425 0.9969966496978871 1.019033006086995 1.0317396363028466 1.0501553106264692 1.0661219325819402 1.083412945599205 1.1643842407578102 1.1770510245046517 1.2790215052110463 1.630169658164964
60 780 -0.3009994875950869 -0.04919217573390925 0.05190371964895506 0.35704425938452816 0.6674914366095348 0.7870267528664538 0.8015977588397533 0.808787832948888 0.8431510833281448 0.8498684918318004 0.8573733354096214 0.8877684626315567 0.8960076198806615 0.9103345719687329 0.9211007571947813 0.9357971331806322 0.9488709189301097 0.9634990454246438 0.976137971747425 0.9969966496978871 1.019033006086995 1.0317396363028466 1.0501553106264692 1.0661219325819402 1.083412945599205 1.1643842407578102 1.1770510245046517 1.2790215052110463 1.630169658164964
61 793 -0.29615453667410285 -0.04628057754836219 0.052143076135119426 0.3559881449920188 0.6674914366095348 0.7870267528664538 0.8015977588397533 0.808787832948888 0.8431510833281448 0.8498684918318004 0.8573733354096214 0.8877684626315567 0.8960076198806615 0.9103345719687329 0.9211007571947813 0.9357971331806322 0.9488709189301097 0.9634990454246438 0.976137971747425 0.9969966496978871 1.019033006086995 1.0317396363028466 1.0501553106264692 1.0661219325819402 1.083412945599205 1.1643842407578102 1.1770510245046517 1.2790215052110463 1.630169658164964
62 806 -0.29139041731574394 -0.044332125618178723 0.05038633555131655 0.36143349754033754 0.6674914366095348 0.7870267528664538 0.8015977588397533 0.808787832948888 0.8431510833281448 0.8498684918318004 0.8573733354096214 0.8877684626315567 0.8960076198806615 0.9103345719687329 0.9211007571947813 0.9357971331806322 0.9488709189301097 0.9634990454246438 0.976137971747425 0.9969966496978871 1.019033006086995 1.0317396363028466 1.0501553106264692 1.0661219325819402 1.083412945599205 1.1643842407578102 1.1770510245046517 1.2790215052110463 1.630169658164964
63 819 -0.2909713541237356 -0.046977673129348085 0.05393463816884956 0.35498823786258227 0.6674914366095348 0.7870267528664538 0.8015977588397533 0.808787832948888 0.8431510833281448 0.8498684918318004 0.8573733354096214 0.8877684626315567 0.8960076198806615 0.9103345719687329 0.9211007571947813 0.9357971331806322 0.9488709189301097 0.9634990454246438 0.976137971747425 0.9969966496978871 1.019033006086995 1.0317396363028466 1.0501553106264692 1.0661219325819402 1.083412945599205 1.1643842407578102 1.1770510245046517 1.2790215052110463 1.630169658164964
64 832 -0.28660813911103267 -0.0492701628826422 0.05358049190904776 0.3515926755915633 0.6674914366095348 0.7870267528664538 0.8015977588397533 0.808787832948888 0.8431510833281448 0.8498684918318004 0.8573733354096214 0.8877684626315567 0.8960076198806615 0.9103345719687329 0.9211007571947813 0.9357971331806322 0.9488709189301097 0.9634990454246438 0.976137971747425 0.9969966496978871 1.019033006086995 1.0317396363028466 1.0501553106264692 1.0661219325819402 1.083412945599205 1.1643842407578102 1.1770510245046517 1.2790215052110463 1.630169658164964
65 845 -0.29241066748167105 -0.04834589809656392 0.054406836422279906 0.3416963776322688 0.6674914366095348 0.7870267528664538 0.8015977588397533 0.808787832948888 0.8431510833281448 0.8498684918318004 0.8573733354096214 0.8877684626315567 0.8960076198806615 0.9103345719687329 0.9211007571947813 0.9357971331806322 0.9488709189301097 0.9634990454246438 0.976137971747425 0.9969966496978871 1.019033006086995 1.0317396363028466 1.0501553106264692 1.0661219325819402 1.083412945599205 1.1643842407578102 1.1770510245046517 1.2790215052110463 1.630169658164964
66 858 -0.28975273177212013 -0.04911696084348441 0.05674146723661612 0.33096268976909343 0.6674914366095348 0.7870267528664538 0.8015977588397533 0.808787832948888 0.8431510833281448 0.8498684918318004 0.8573733354096214 0.8877684626315567 0.8960076198806615 0.9103345719687329 0.9211007571947813 0.9357971331806322 0.9488709189301097 0.9634990454246438 0.976137971747425 0.9969966496978871 1.019033006086995 1.0317396363028466 1.0501553106264692 1.0661219325819402 1.083412945599205 1.1643842407578102 1.1770510245046517 1.2790215052110463 1.630169658164964
67 871 -0.2948638527660762 -0.04687388668435209 0.05571345847804891 0.33285929066866377 0.6674914366095348 0.7870267528664538 0.8015977588397533 0.808787832948888 0.8431510833281448 0.8498684918318004 0.8573733354096214 0.8877684626315567 0.8960076198806615 0.9103345719687329 0.9211007571947813 0.9357971331806322 0.9488709189301097 0.9634990454246438 0.976137971747425 0.9969966496978871 1.019033006086995 1.0317396363028466 1.0501553106264692 1.0661219325819402 1.083412945599205 1.1643842407578102 1.1770510245046517 1.2790215052110463 1.630169658164964
68 884 -0.29979028694028165 -0.05111150155526928 0.05709670426724947 0.3298712559970578 0.6674914366095348 0.7870267528664538 0.8015977588397533 0.808787832948888 0.8431510833281448 0.8498684918318004 0.8573733354096214 0.8877684626315567 0.8960076198806615 0.9103345719687329 0.9211007571947813 0.9357971331806322 0.9488709189301097 0.9634990454246438 0.976137971747425 0.9969966496978871 1.019033006086995 1.0317396363028466 1.0501553106264692 1.0661219325819402 1.083412945599205 1.1643842407578102 1.1770510245046517 1.2790215052110463 1.630169658164964
69 897 -0.29907184380780194 -0.05064532294373868 0.05837941281235647 0.33542367593155026 0.6674914366095348 0.7870267528664538 0.8015977588397533 0.808787832948888 0.8431510833281448 0.8498684918318004 0.8573733354096214 0.8877684626315567 0.8960076198806615 0.9103345719687329 0.9211007571947813 0.9357971331806322 0.9488709189301097 0.9634990454246438 0.976137971747425 0.9969966496978871 1.019033006086995 1.0317396363028466 1.0501553106264692 1.0661219325819402 1.083412945599205 1.1643842407578102 1.1770510245046517 1.2790215052110463 1.630169658164964
70 910 -0.2973106740290223 -0.05242804971570865 0.056764121408522286 0.31758630438720586 0.6674914366095348 0.7870267528664538 0.8015977588397533 0.808787832948888 0.8431510833281448 0.8498684918318004 0.8573733354096214 0.8877684626315567 0.8960076198806615 0.9103345719687329 0.9211007571947813 0.9357971331806322 0.9488709189301097 0.9634990454246438 0.976137971747425 0.9969966496978871 1.019033006086995 1.0317396363028466 1.0501553106264692 1.0661219325819402 1.083412945599205 1.1643842407578102 1.1770510245046517 1.2790215052110463 1.630169658164964
71 923 -0.2987756935525459 -0.05189423728883899 0.05801998925559591 0.31015015398785234 0.6674914366095348 0.7870267528664538 0.8015977588397533 0.808787832948888 0.8431510833281448 0.8498684918318004 0.8573733354096214 0.8877684626315567 0.8960076198806615 0.9103345719687329 0.9211007571947813 0.9357971331806322 0.9488709189301097 0.9634990454246438 0.976137971747425 0.9969966496978871 1.019033006086995 1.0317396363028466 1.0501553106264692 1.0661219325819402 1.083412945599205 1.1643842407578102 1.1770510245046517 1.2790215052110463 1.630169658164964
72 936 -0.28281475858725447 -0.05492708040846329 0.05851789865346853 0.3013150916306629 0.6674914366095348 0.7870267528664538 0.8015977588397533 0.808787832948888 0.8431510833281448 0.8498684918318004 0.8573733354096214 0.8877684626315567 0.8960076198806615 0.9103345719687329 0.9211007571947813 0.9357971331806322 0.9488709189301097 0.9634990454246438 0.976137971747425 0.9969966496978871 1.019033006086995 1.0317396363028466 1.0501553106264692 1.0661219325819402 1.083412945599205 1.1643842407578102 1.1770510245046517 1.2790215052110463 1.630169658164964
73 949 -0.279600545093194 -0.0583490986853058 0.05990732283123847 0.3010912355585397 0.6674914366095348 0.7870267528664538 0.8015977588397533 0.808787832948888 0.8431510833281448 0.8498684918318004 0.8573733354096214 0.8877684626315567 0.8960076198806615 0.9103345719687329 0.9211007571947813 0.9357971331806322 0.9488709189301097 0.9634990454246438 0.976137971747425 0.9969966496978871 1.019033006086995 1.0317396363028466 1.0501553106264692 1.0661219325819402 1.083412945599205 1.1643842407578102 1.1770510245046517 1.2790215052110463 1.630169658164964
74 962 -0.27633274881476616 -0.05664850048173294 0.06346792437004342 0.29925975947487593 0.6674914366095348 0.7870267528664538 0.8015977588397533 0.808787832948888 0.8431510833281448 0.8498684918318004 0.8573733354096214 0.8877684626315567 0.8960076198806615 0.9103345719687329 0.9211007571947813 0.9357971331806322 0.9488709189301097 0.9634990454246438 0.976137971747425 0.9969966496978871 1.019033006086995 1.0317396363028466 1.0501553106264692 1.0661219325819402 1.083412945599205 1.1643842407578102 1.1770510245046517 1.2790215052110463 1.630169658164964
75 975 -0.2800297072636969 -0.06165165022547357 0.06265197311676192 0.2954320238172264 0.6674914366095348 0.7870267528664538 0.8015977588397533 0.808787832948888 0.8431510833281448 0.8498684918318004 0.8573733354096214 0.8877684626315567 0.8960076198806615 0.9103345719687329 0.9211007571947813 0.9357971331806322 0.9488709189301097 0.9634990454246438 0.976137971747425 0.9969966496978871 1.019033006086995 1.0317396363028466 1.0501553106264692 1.0661219325819402 1.083412945599205 1.1643842407578102 1.1770510245046517 1.2790215052110463 1.630169658164964
