% # columns="iteration, evaluation, sigma, max axis length,  min axis length, all principal axes lengths  (sorted square roots of eigenvalues of C)", seed=596332, Fri Nov  1 18:21:15 2024
1 13 0.4869586536893704 1.0000480011520185 1.0 1.0 1.000002000002 1.0000040000080002 1.000006000018 1.0000080000320002 1.00001000005 1.0000120000720003 1.0000140000980005 1.0000160001280007 1.000018000162001 1.0000200002000015 1.0000220002420017 1.0000240002880023 1.000026000338003 1.0000280003920037 1.0000300004500045 1.0000320005120056 1.0000340005780066 1.0000360006480078 1.000038000722009 1.0000400008000108 1.0000420008820123 1.0000440009680143 1.000046001058016 1.0000480011520185
2 26 0.4820125992145973 1.0669249919038386 0.9616492824951215 0.9616492824951215 0.9718324044060437 0.9765683781080333 0.9841875364039141 0.9932994003752045 0.9954008603273722 1.0000049270771834 1.0000103430500265 1.0000108348203482 1.0000145070353288 1.000016835871817 1.0000216784589164 1.0000246580964975 1.000028886529443 1.0000313694302814 1.000033174685592 1.000035474967124 1.0000379531361603 1.00004313999663 1.001434460126868 1.0024329576881 1.0083722515952793 1.014710332469367 1.0286610462096422 1.0669249919038386
3 39 0.4752038173065204 1.0831042390140382 0.9511043855870857 0.9511043855870857 0.9659664482267908 0.9686908932273046 0.9755153883793167 0.9770702249761061 0.9866035944830314 0.9900614044766176 0.9915890613220834 0.9954673604326533 0.9960417209675085 0.9973428462871173 0.9991672512563362 1.0000274780745861 1.0000370414517248 1.0001695398818822 1.000580710626901 1.0011339069484526 1.0026710825283558 1.0042997787951469 1.0088325846349155 1.012995602158662 1.0144829847949202 1.0276435106063886 1.0358549973893894 1.0831042390140382
4 52 0.48268188255900935 1.1155963978256616 0.9387360581594884 0.9387360581594884 0.9584208010191047 0.9633638284727755 0.9695245073740035 0.9725136532809131 0.9774629321248977 0.9832399207787997 0.9881361692343354 0.9901355712436497 0.9937725468848193 0.9943518710338245 0.9966972113837128 0.9968341782788881 0.9989119628627677 0.9995794613843718 1.0008675295400995 1.0026775860506454 1.0078012092635993 1.0085368222860795 1.0123009980240236 1.0159714753077276 1.0198453078804568 1.0283873525489726 1.0491159569837447 1.1155963978256616
5 65 0.4994031326395307 1.1245195355505242 0.9338447519667677 0.9338447519667677 0.9502798106608475 0.9570251263587218 0.9594811611093241 0.9705493553651945 0.9743672363543954 0.9757066863570608 0.9784330273878606 0.9866356970587852 0.9907388320242866 0.9913875187033101 0.995023716218439 0.9962100147778735 0.9969312360429611 0.9994402602225135 1.0014279513080249 1.005389753334827 1.007985726595167 1.0112644621506222 1.0141431326110357 1.0195073325900788 1.022849234760802 1.0256359169796296 1.0746548026098994 1.1245195355505242
6 78 0.5171315086668627 1.1481069941840794 0.9282480615700454 0.9282480615700454 0.9319205495331325 0.9545418806677236 0.9570481339929175 0.9659012735397956 0.9690253412251187 0.9739582485968125 0.9780520055728086 0.9826602884611194 0.9855510139993977 0.9884282793231566 0.9913540602891092 0.9944600539188011 0.9976864590023647 1.0000980854928603 1.0032530489004128 1.0038284049977158 1.0092447399928792 1.0136541603747522 1.0180116231966572 1.023574613545819 1.0269104912977247 1.0362551037135097 1.073718849837981 1.1481069941840794
7 91 0.5419136055976213 1.1903831539903917 0.9216884218325802 0.9216884218325802 0.9282692964617036 0.9511646170631447 0.9535599084987837 0.9603336844537954 0.9644871134744103 0.9699217653001284 0.9726587466151195 0.9808765845366281 0.9846144264489678 0.9849550676646163 0.9907214581752685 0.9939791000587588 0.9971757237135155 0.9984610341868112 1.0005541075584918 1.0014280511981792 1.0081110987905946 1.0119529275783878 1.0233151502437408 1.0281846346099266 1.03189201910896 1.0376977745714442 1.0739416953611522 1.1903831539903917
8 104 0.5703330927662695 1.220140437143457 0.9058845080888032 0.9058845080888032 0.9249470445022149 0.9453181233251569 0.950169070506031 0.9589605658229631 0.961244384343816 0.9645627527537775 0.9708167695871981 0.9729769924448196 0.980780063682839 0.9854530484331119 0.9867247689601797 0.9939415758741706 0.9979799531261648 0.9994345070417705 1.0005070662225577 1.0017630614773803 1.0099448733702983 1.0113882887288643 1.021690734008585 1.0273695686351443 1.0374901795529234 1.0588735053014313 1.0758392592549906 1.220140437143457
9 117 0.6055478362218426 1.2504571253225119 0.9001933297383308 0.9001933297383308 0.9224318365640032 0.9404524520561932 0.9477793060928738 0.9508964894376991 0.9589688328270162 0.9602591363457806 0.9659544664436431 0.9708100867627183 0.9801331157682543 0.9831699488067188 0.9851946667670941 0.990995864091957 0.9953479371407381 0.9977972022144906 1.0009497413666903 1.005445758296467 1.0091225023171475 1.0167538178953712 1.0235904867100718 1.0279311336728212 1.0424075691085024 1.0635140628126551 1.0778612302267785 1.2504571253225119
10 130 0.6439609661047849 1.2906867398081585 0.8907759609725046 0.8907759609725046 0.9222058706227544 0.934245255486442 0.9392217563423569 0.9501153202019624 0.9521112653729396 0.9573850706874427 0.961244399376452 0.9634397531760047 0.9779273156015096 0.9793784519277956 0.9842535309109013 0.9897065943735324 0.993034205065452 0.9970542534574621 1.0002212965621111 1.005374615467968 1.0105199762739867 1.02099769260806 1.0223235579908267 1.0332129442050622 1.0619730013712485 1.0750125788923044 1.0829064100538432 1.2906867398081585
11 143 0.661928686319276 1.332899378890739 0.8784218623014044 0.8784218623014044 0.9204296063235394 0.9340202961008528 0.9381932229432012 0.9468769334541892 0.9515971242183622 0.9559990227331275 0.959100254168915 0.962531204614501 0.9670199733055113 0.9741591930782264 0.9769318193688489 0.9868807724924735 0.9938866077364669 0.9949247917376417 0.9998575199314442 1.0102988682101506 1.0182244735270263 1.0201972619110415 1.0302945625109827 1.037610021443233 1.0638178335632547 1.0738113223644998 1.1028639309596435 1.332899378890739
12 156 0.6873705963031693 1.3528694534420889 0.8802569515683921 0.8802569515683921 0.9249213204115123 0.9317074610663589 0.9399782520980442 0.9402853612704811 0.9476894087186412 0.9551552817584058 0.9587498766201783 0.9607413352116705 0.9663971750854726 0.9738327614389766 0.9806738906129888 0.9846790762491214 0.9880829353322961 0.9955783562154412 1.0013013882559814 1.0069490507723358 1.0141240576750163 1.0226816634704459 1.035253968138236 1.0376170950414594 1.0615543658152173 1.0711949841179071 1.1064280315727093 1.3528694534420889
13 169 0.725964870686885 1.3630207057964383 0.8752666554391627 0.8752666554391627 0.9199142242130123 0.9287452633743746 0.9340709238047202 0.9391854904251067 0.9465668143364101 0.9492505728837028 0.9545288203983161 0.9568325444045287 0.9633440773153458 0.9705772419010095 0.9775446435522942 0.9834825696923258 0.990560744210944 0.9952412105957773 1.006730628887922 1.0130767520413637 1.016079076382754 1.0228988042729035 1.035455284243804 1.0428161558958766 1.0617450118899945 1.07421298026796 1.1204730818709607 1.3630207057964383
14 182 0.7651153415438986 1.3955570179269736 0.8752105142472647 0.8752105142472647 0.9149046022752654 0.9229943406070771 0.9298085727089256 0.9350820984824674 0.9410108363469256 0.9480131057533611 0.9537277790157901 0.9550193766832306 0.960685993184821 0.9677331852212376 0.9785766147580923 0.9826445141068025 0.9899828695785702 0.9953479118990991 1.0051360323126786 1.0097350012512045 1.017307772079191 1.0227857873954775 1.033212794941716 1.0446808901704263 1.0581438845671858 1.0729571620741691 1.1409108887969366 1.3955570179269736
15 195 0.8153907227635568 1.416707583984381 0.8700253535298543 0.8700253535298543 0.9121118876921598 0.9166096775135212 0.927984920637672 0.9292049392500951 0.936207646489592 0.9467875035729086 0.9502826336991392 0.9533571289103897 0.956798385405638 0.9650774277822473 0.9775294647775008 0.9806172016820732 0.992935263415098 0.9962530101491208 1.0042189534478998 1.0084598519086672 1.0144570926449716 1.0202420728674346 1.0365670691835722 1.047073082575101 1.0616952763329024 1.0761265187510691 1.1594217581444137 1.416707583984381
16 208 0.8727663167790364 1.4354159360984111 0.8672661491357635 0.8672661491357635 0.9081625022412944 0.9113166261799449 0.9212900545453473 0.9284556576755796 0.9325114322222866 0.9459113440169886 0.9494884944943291 0.9506468791854952 0.9543623982312807 0.9630905375161155 0.9765069347905726 0.9835392400396687 0.9936753336843913 0.9990722498011754 1.005189805051929 1.0090505976310995 1.0122462215387247 1.0348101890976689 1.0371153911840527 1.0544195395243687 1.062578353892374 1.0803681223458017 1.1726175534845278 1.4354159360984111
17 221 0.916375829403851 1.4714588930616082 0.8612189338954503 0.8612189338954503 0.9007811941501132 0.9072725714727063 0.9189234565925951 0.9286600163848124 0.9327373700744916 0.9429035993092376 0.9444399023534714 0.9489050783246094 0.9502911340606104 0.9616098844861847 0.9771379829710627 0.9811779596096225 0.9902544051831368 0.9940648206331714 0.9988181115714704 1.0072562543157815 1.0156471949235222 1.0312227359604749 1.0402514261166487 1.0571420987743154 1.064719702700551 1.0811514906292052 1.1904119740879384 1.4714588930616082
18 234 0.9662033830779367 1.5012713082672464 0.8603754522547632 0.8603754522547632 0.8898748001470501 0.9055568810582681 0.9154195766615291 0.925519455208451 0.9358547544856116 0.9384248115720562 0.9407185222429976 0.9476881530032356 0.9525638623230155 0.9604290700523839 0.9786487258883302 0.9813949383911377 0.9881756434503854 0.9933899397900371 0.9979288785375553 1.0023965998620323 1.0170704972352482 1.028775040878841 1.0387448713784295 1.055931707359035 1.0664583127010436 1.0866606189001553 1.1967746665234904 1.5012713082672464
19 247 1.034069009794961 1.5420717258772623 0.8549457550747763 0.8549457550747763 0.8897445547905075 0.9062098911247273 0.9152237595377919 0.9213130910268275 0.9297008329141705 0.9380691707428988 0.9409723437166533 0.9511136348640189 0.9533504831993972 0.9611774220752297 0.9714962271541775 0.9779004282944811 0.9872719529559928 0.988562829531151 0.9962904243689851 1.0040738564947498 1.0075178015962791 1.024848712130706 1.0428318152861868 1.0552288017409392 1.06492232213941 1.0878155853144342 1.2003889958362763 1.5420717258772623
20 260 1.0801310109124695 1.5676770422768513 0.8512076830776364 0.8512076830776364 0.8888532102797971 0.9061193677239228 0.9167376131485564 0.9184157177328133 0.9297114961738772 0.9377009498273496 0.9424682236274817 0.9476029368579645 0.9571840109315038 0.9686381849924316 0.9713341999698054 0.9743033567491507 0.9809255610667617 0.9861469723215752 1.0003306202823263 1.003958895789459 1.0189345102313774 1.020469003001131 1.0343580027363253 1.0560001518157076 1.0799694912880848 1.0926256684735887 1.2011337452038509 1.5676770422768513
21 273 1.121135867291711 1.6005523954974041 0.8494028974564265 0.8494028974564265 0.8793995392592238 0.9045942413928063 0.909884844680017 0.9131340873181765 0.9226748030033031 0.9365529203807906 0.9393456988975213 0.9453934107103168 0.9526626176307412 0.9646301595826835 0.9691711864482291 0.971824055906499 0.9781631924560279 0.9882648430769783 0.9969026784796983 1.0083877646454587 1.0217472646064092 1.0240509555659558 1.036766096636852 1.0531597755121997 1.0833976423417917 1.104057374075583 1.206925083117576 1.6005523954974041
22 286 1.155052295229771 1.6321633561012567 0.8483782278459557 0.8483782278459557 0.8768885767336869 0.89400701977964 0.9086547564376806 0.9142432599068252 0.9236485049648673 0.933032829421543 0.9338371755177064 0.9401306186050328 0.9484595202450372 0.9627832639427526 0.9664782217202094 0.9749434933456504 0.9777962893945149 0.9887736948126256 0.9965533832270543 1.0090947778116293 1.0155672714986055 1.0340763469853613 1.0518063481857938 1.0559206660241993 1.084695126262069 1.1122609740871892 1.1914820853867572 1.6321633561012567
23 299 1.2014986655852187 1.6440086419829976 0.8395581176541365 0.8395581176541365 0.86901892597805 0.8953316892214952 0.9089050758160641 0.9135808010336371 0.920152337580104 0.9255533565684635 0.9330500803742187 0.9421948794342195 0.9463288029869262 0.9608388389691908 0.962214524852904 0.9727161977013904 0.9766598229203066 0.9895847916825127 0.9994001554754114 1.013671046064933 1.0256974309629987 1.0376945491217515 1.051644669501125 1.0547925364082142 1.0845419277580093 1.1173033531660204 1.1937125589576036 1.6440086419829976
24 312 1.2069417892673828 1.6678002914740544 0.8344571931847793 0.8344571931847793 0.8680325428951746 0.8944535321304832 0.9081507081646795 0.9150306757296983 0.9198457381988808 0.9237424761939225 0.935071008012667 0.9389447428309482 0.9415098894274444 0.9610219050088264 0.9612108665579912 0.9679945796275108 0.975807946532703 0.9861392370194688 1.0015891853941792 1.0135060766583666 1.014392251612446 1.033257724075192 1.0523160790217272 1.0604759819853526 1.0896096515716973 1.121854388074122 1.192003173717887 1.6678002914740544
25 325 1.2329927181692661 1.689510940317895 0.8354926911273707 0.8354926911273707 0.8606820570884391 0.894240625077156 0.9063233262200234 0.9119902729637798 0.918969807521 0.9252519123682522 0.9311854833768806 0.9358217181539046 0.9402625049672625 0.9526938142595994 0.9574650120749345 0.9686920475731612 0.9748473259049643 0.9861853171327224 0.9899776484436301 1.0152199953163 1.0165338366927938 1.0349586794625778 1.053516901919316 1.0642039900752793 1.0961080084749597 1.1240447314010533 1.1955123154847542 1.689510940317895
26 338 1.252326373404175 1.7072492524394816 0.8313629293214085 0.8313629293214085 0.8560862229106921 0.8920580334530938 0.9011126854867422 0.9123529789968479 0.916811688732059 0.9246585903783583 0.9283806960656963 0.9334427158127422 0.9378306655238521 0.9528221523266538 0.9586369769054945 0.968614855243144 0.97406669943373 0.9831857903582824 0.9879210983066076 1.016757640877684 1.0172826516633195 1.033390949173399 1.0568869352499195 1.064342227969985 1.1047555412112233 1.1267773631042097 1.1920425427120138 1.7072492524394816
27 351 1.2714077932777716 1.7029684463720351 0.8306109197182663 0.8306109197182663 0.8518283428714459 0.8955091894978356 0.8997798507730075 0.9073904566248073 0.9138211900664804 0.9244181274660621 0.9254412005962787 0.9292482729768611 0.9418258006550656 0.9514570074400879 0.9629093290569901 0.9652406018179197 0.9719042476280471 0.9906394213175896 0.9923553301075679 1.0086854556704434 1.0168461294393114 1.035536646251632 1.0609169126639517 1.0641788295459245 1.1069061658231898 1.1336416688647948 1.1903616596858455 1.7029684463720351
28 364 1.3082316033094725 1.7127424176923964 0.8234315679414893 0.8234315679414893 0.8495290870627156 0.8911194980908549 0.8941801841654081 0.9027690330878925 0.9124146114653062 0.9221422018908206 0.9230807207365763 0.9332354634481499 0.9424852453639423 0.9537518428135134 0.9573509896518998 0.9703872561745679 0.9773688710198004 0.9904931503142362 0.9943614033910947 1.0076110601688741 1.0246817716260692 1.0375620591696795 1.0589643310391457 1.064616114182857 1.1132161939026979 1.1407220688448008 1.18749231348665 1.7127424176923964
29 377 1.3432123026101093 1.7131836740804598 0.8221184616598596 0.8221184616598596 0.8447775963742752 0.8801967160823501 0.8918907309654637 0.8992064993920189 0.9028736698360171 0.9162585871679805 0.9234545059807359 0.931397268996981 0.9434414178598576 0.9496330218319015 0.9663063595009396 0.9719870572554493 0.975661809239645 0.9933124926235011 0.9950392761111488 1.0060984431088753 1.0243790910752681 1.0417234384463656 1.058609624042275 1.067916178219552 1.117868406361887 1.1564824245422918 1.1881422595982691 1.7131836740804598
30 390 1.3633579802073634 1.7223825467162706 0.8143715081016729 0.8143715081016729 0.837567730749597 0.8776924612822076 0.8864652745067143 0.8939491138895892 0.9019176085550068 0.9118274141889231 0.9228243362868973 0.9310196419480811 0.9359609286108997 0.9494404396489243 0.9656173293236547 0.9706206982646542 0.9723607408631685 0.9938038105951167 0.9964467451339325 1.001224633985418 1.0234715141017905 1.0455653199299078 1.0601970282330453 1.0718824587967752 1.1200856010335734 1.1705568796875054 1.1990471425393607 1.7223825467162706
31 403 1.342561212336152 1.7214709991602137 0.8139353186859141 0.8139353186859141 0.8309773188178451 0.8617116911608966 0.8858206875592858 0.8949970947522788 0.9019900435872868 0.9097915575270195 0.9177924070549035 0.9276320880592266 0.936901530560023 0.9474940045577126 0.9652603918495474 0.9682372318662299 0.9731212110111903 0.9900514857674786 0.9952398815680104 1.0115366481788135 1.023619912589577 1.0512234922844652 1.0589709094212192 1.0726893062573324 1.1179227603557147 1.1739903210394969 1.209994756797519 1.7214709991602137
32 416 1.3339647077889687 1.7231639411349153 0.8088571243490098 0.8088571243490098 0.8254741609986614 0.8621814149010988 0.8815402203874825 0.8929090294637299 0.8959021623846252 0.9062854026503054 0.9141099634539089 0.9289278964354042 0.941083419579565 0.9507365161795092 0.9615296287119545 0.9654511153810621 0.9724504275303242 0.9900482608999411 0.9944665712909304 1.0145473913210878 1.0224713180286877 1.0506399844463021 1.0588931754455908 1.0787725442872536 1.1213639575815981 1.1697605724958993 1.2190064128061544 1.7231639411349153
33 429 1.3570091579502304 1.7349852311456369 0.7997175506639941 0.7997175506639941 0.8193268998041541 0.8606309605122376 0.8783555068464729 0.8932600523654965 0.8969282435781889 0.9032805883503159 0.9141003651472648 0.9275521666164109 0.9376468980197136 0.9472869098101891 0.9612990501814513 0.9663587377177804 0.9745184190234774 0.9937471694530838 0.9963980071687043 1.0109589924339415 1.023363511675636 1.0501421574904202 1.0594526289119233 1.0787741073849006 1.12251049236127 1.1694967430793812 1.2245644311537338 1.7349852311456369
34 442 1.3830699411178078 1.7586132091804003 0.7986635926826201 0.7986635926826201 0.8198049569948024 0.8552807921919965 0.8729939024769482 0.8906815102120724 0.8946733284414562 0.9010901343416916 0.9120944455753376 0.9296506103519842 0.9360833886207117 0.9558407324345194 0.9620990321052845 0.9633735240555376 0.9753976871524827 0.9913477742891703 0.9951237565418365 1.0180986619338166 1.022970916593631 1.0443848314484956 1.0652881070611961 1.086481701650374 1.1170892292380348 1.1702505866302448 1.2439013498282425 1.7586132091804003
35 455 1.3863892622988963 1.7897270185280576 0.7941130861094431 0.7941130861094431 0.8217464696531843 0.8516777329156919 0.8698860162581694 0.8890313243499796 0.8926309477688382 0.8957112369974203 0.9092011301305745 0.9242926946007642 0.9309503076811311 0.9488395494571055 0.9582577774315464 0.9611997406589227 0.9778737598094842 0.9905387633571004 0.9969068124264128 1.0152967495794956 1.0229268083323602 1.044570686779755 1.0702590763431066 1.0825753646070289 1.1150429744482062 1.1698029001031391 1.2567475424316399 1.7897270185280576
36 468 1.3900339312633638 1.8089135416259012 0.7917244197593577 0.7917244197593577 0.8192894283995212 0.8479582329326376 0.8727789676876941 0.8854208700569499 0.8909397361949738 0.898147743150555 0.910391623386314 0.9203236954306439 0.9333678243152776 0.9465594095819623 0.9569305450401578 0.9636710582492344 0.9784993978205042 0.9843726877877734 0.9942351050442205 1.0120195302638564 1.0191399513731745 1.0468338953413092 1.0665107857612535 1.0831576414181008 1.1118552005645435 1.169375325542349 1.2583918460729089 1.8089135416259012
37 481 1.413924609651423 1.8305997301928647 0.7911852685838807 0.7911852685838807 0.8193316114055874 0.8471013875845395 0.8708517844888253 0.8750332384790056 0.8889517889362092 0.8996097079535559 0.9069899613048718 0.9178824558124407 0.9346046737884325 0.9457307875754253 0.9581096418452695 0.9662199444527607 0.9714606692116469 0.9815012066541324 0.9954722606597268 1.0087303133450585 1.0206761872575514 1.0442130566009982 1.0669329633843443 1.0856926024362321 1.105744268209546 1.169931095818341 1.2638188791880918 1.8305997301928647
38 494 1.4737126600398947 1.849958543714911 0.7846638191727459 0.7846638191727459 0.8143185125336939 0.8465759228694348 0.8624884370808517 0.8664104392587691 0.8855476448362678 0.8941194200084367 0.9097869161590063 0.9272213429169075 0.9324238489178422 0.9451799969853266 0.9601321115913503 0.965266720043452 0.9745900852735994 0.9837071873529704 0.9975008166570933 1.0073283499798504 1.0242155233757142 1.0516548942308186 1.0635930101545017 1.083858288572969 1.1053328932101036 1.1705803845273013 1.2676870994979725 1.849958543714911
39 507 1.5200217568693546 1.8685586574788067 0.7760908476967577 0.7760908476967577 0.8115102445502418 0.8431612847987764 0.8613875398908761 0.8680866370995121 0.8827599645132833 0.8918755088223113 0.9073297268780376 0.9237496923365932 0.931076261899201 0.9459201040901393 0.9576417211220394 0.9713137451355994 0.9744646057738777 0.9889331120401998 1.0017572793712934 1.0087134416705086 1.0314991060692535 1.0551366529488462 1.0619675351353655 1.0817210140383837 1.1145952815148061 1.1696610207312628 1.2765133548482015 1.8685586574788067
40 520 1.5541332143828237 1.8735366835385956 0.7766352140299088 0.7766352140299088 0.8066859871640679 0.834708154499747 0.8579300395276018 0.8678522199974785 0.8853115209631998 0.8863252295720654 0.9025248757590847 0.9266297133246224 0.9339021176201877 0.9442163526137854 0.9598514325242321 0.9735839112638489 0.9816228544245915 0.9914813357327525 1.0067209129291737 1.0109207828270619 1.0294015800970648 1.0509310849210127 1.0618575375154176 1.0822429433895677 1.1178055854006133 1.1661220372187395 1.281421606847113 1.8735366835385956
41 533 1.6095985941081594 1.8885052939355658 0.7777555617087585 0.7777555617087585 0.7988230115663533 0.8343638665377034 0.8517618638820819 0.8657440052559794 0.8830582651882246 0.8856161803576188 0.8987324756465058 0.9252303061098656 0.933707612146865 0.9450597115052395 0.9632577576380372 0.9754534462993055 0.980956070018376 0.9903048885028778 1.003759183325147 1.011352139917928 1.0310928767905387 1.0449741914090018 1.0643220769639512 1.0809461055739462 1.126289504849672 1.157229013076679 1.284338610612396 1.8885052939355658
42 546 1.674606093184706 1.9038904993139512 0.7726574460256314 0.7726574460256314 0.7953881726988371 0.8371417875926112 0.8445817772125012 0.8657472793688281 0.8791737287662712 0.8804769177704774 0.8956524990791185 0.9224815901801391 0.934572918588269 0.9530353871584736 0.9610122161398088 0.9779172450475475 0.9852485415692186 0.9912892400017805 1.0032964134089264 1.0087528590577404 1.033511165152737 1.0443442272502053 1.0773385266222264 1.0821756009895358 1.1309048938713524 1.1531376586257323 1.2883255441957966 1.9038904993139512
43 559 1.737785481826802 1.9240392509725293 0.7740823047377927 0.7740823047377927 0.7912110157229229 0.8347783346113884 0.843484126620751 0.8662802909807938 0.8780101160581956 0.8840220474775831 0.8939533513341902 0.9193632989575122 0.9320855696292675 0.9490759445075914 0.9582627658107342 0.9733337366098462 0.9821928799536122 0.9921332867123271 1.0039084646172198 1.0081587969175079 1.031644648729284 1.0472614950734078 1.0779157696161739 1.0987165368572862 1.1325766707469216 1.153558299917604 1.2967262227102245 1.9240392509725293
44 572 1.8065326490210099 1.9421603202135054 0.7715028652295625 0.7715028652295625 0.7876145981436321 0.8299938648915693 0.8403309453428656 0.8643563030017608 0.878170123401421 0.8875318694572032 0.8905617101698712 0.9208309824330215 0.9367578207784266 0.9431716586564916 0.9542622673949573 0.9708978523529506 0.9802795168225368 0.9927838921715313 1.0053939036286115 1.0099009971243815 1.036131095368487 1.0446947101898036 1.0842644678900213 1.1023765822743155 1.1350698783588495 1.1539115828401776 1.3005603112878577 1.9421603202135054
45 585 1.8738318964459446 1.970423875491004 0.7696690774683662 0.7696690774683662 0.7833551979436802 0.8246848471023636 0.8380562335847718 0.8642470774416436 0.8738758509727919 0.8811395021802362 0.8942768800444783 0.917712820324368 0.9356288624037707 0.9420429408616156 0.9499981167107749 0.969126989193537 0.981930141171783 0.9930376350575266 1.0020661537024056 1.0137525621414938 1.0341339008223582 1.0428029214004415 1.0804458512685757 1.0988181283778995 1.1443496325874416 1.1615743838802142 1.3002039822570595 1.970423875491004
46 598 1.9404963278451148 1.9811779021594451 0.7675769275731417 0.7675769275731417 0.7806947573363666 0.8231372911709594 0.8376285671683088 0.8610566500443901 0.8734243117456395 0.8839078320788741 0.8928303403307161 0.9171484135196926 0.9328582252357104 0.9425572002899563 0.9513852602704804 0.969047001436977 0.9810150398312494 0.9992303446365219 1.004806594413522 1.0124401376129393 1.0307590431879368 1.0467520463642168 1.0858324957701708 1.0946154824836163 1.1457652680957209 1.1743002805337461 1.2948620291286854 1.9811779021594451
47 611 1.923657142772814 1.9967319435514275 0.7652954930108308 0.7652954930108308 0.7806699027685723 0.8184667382256003 0.8347018116119244 0.8567880384677329 0.8704913599111227 0.8796888780668188 0.890876406444913 0.9182631593112667 0.9218819122379743 0.9393082511298659 0.9527057213387028 0.9685529698265729 0.9817489209983106 0.996585593249841 1.0042953745662506 1.013615044090294 1.0246575677164602 1.051486308062259 1.0857813648486985 1.0920163239424192 1.1519330543029414 1.1808457729343003 1.2999311346568523 1.9967319435514275
48 624 1.8991931630259296 1.9770135472675832 0.7654374355780783 0.7654374355780783 0.776287910079751 0.8156276176410847 0.8342214181015042 0.8562456618660713 0.8651406534441455 0.8841557017805238 0.8855160954238463 0.916535949948536 0.9192758365484577 0.9327414522656948 0.9503458065128318 0.9680012550149819 0.9830725826133458 0.9973914241617574 1.003862123413786 1.0122625641037464 1.0278778669744792 1.0530091564531747 1.0887345242097857 1.0973010344940537 1.1548980009878524 1.1841254119703881 1.3003459533377022 1.9770135472675832
49 637 1.8865321723949304 1.9759722884143678 0.7605872464341704 0.7605872464341704 0.775070170071329 0.8120709052373486 0.8306298061111359 0.8561043776629078 0.8624063022047143 0.8816592225434695 0.8851675301533395 0.9127068746367353 0.9160622285890392 0.9306484323375056 0.9503274973285257 0.9601286512810471 0.9737149774936744 0.9975666547112221 1.003760943834695 1.0109203849476969 1.0301307478598996 1.058648801979681 1.0868441220557568 1.0999971540996258 1.1633776967333727 1.1817665234630548 1.3079175344138012 1.9759722884143678
50 650 1.8105707606131336 1.970404373931973 0.7610211753579209 0.7610211753579209 0.7691836826943419 0.8028993457584545 0.8304911596206827 0.8555569778257378 0.8610454681933895 0.8810259545625235 0.88259787856697 0.91177942584735 0.916253597644183 0.9276024514747908 0.9522919192780289 0.9578095234226471 0.973851268413533 0.9976745676803385 1.0040975351489854 1.0113712481955133 1.0327161162882492 1.0526813807531465 1.0887663111170138 1.102735755309552 1.1629631768456605 1.1909643368812528 1.3118757591310795 1.970404373931973
51 663 1.7488732494624495 1.9687920343399332 0.7540566321989663 0.7540566321989663 0.7718740202069019 0.804107573525739 0.8341055400510325 0.846437128432965 0.8584865021645286 0.8770853406818424 0.8855990479762775 0.9130948943006689 0.9173097633539978 0.928402090718362 0.9526882342462628 0.9535509675300045 0.9704616460380685 0.9901943011326062 0.9997339105651237 1.0165912854512773 1.0348191180761226 1.053212179804635 1.0857652313458153 1.1039503273800275 1.1643249153096915 1.1960455417557776 1.3118440303184726 1.9687920343399332
52 676 1.7086438274284546 1.9764205956241292 0.7467945681641263 0.7467945681641263 0.7649193360631035 0.8052271073888903 0.8342805623453668 0.8446075011863432 0.8581398558794244 0.8698900799514513 0.883377292891399 0.9130124059057608 0.918986407220651 0.9256415832932167 0.9486798236632717 0.9577770686483384 0.9696147449577166 0.9883393521375731 1.003568975804999 1.0143697921665815 1.033619713015246 1.0520271493915758 1.083157838538451 1.114935420260637 1.1617544439757048 1.1978844610889423 1.3109591203251791 1.9764205956241292
53 689 1.678325345194254 1.9868546995565783 0.7458051845943364 0.7458051845943364 0.7655222810522657 0.8055181077920819 0.8280405771967347 0.8352146407255412 0.856340698920101 0.8684985309409586 0.882761941867196 0.910825063898865 0.9177343732025407 0.9246505773675824 0.9468903159871686 0.9551714557268771 0.9618458550776637 0.9866908112077242 1.0076510509510375 1.0127753415017462 1.0409403207324737 1.0616046675844162 1.0851347811537908 1.1193427357898629 1.1633791450674973 1.1925284287654518 1.313806046574438 1.9868546995565783
54 702 1.6499794624635984 1.9899179804407734 0.7452426525620165 0.7452426525620165 0.7613802324520659 0.8041727509266514 0.8293926309144733 0.8336187490434311 0.8535184438628798 0.8693795818716931 0.891217926685482 0.9104868438534225 0.9191122718631437 0.9292846186938982 0.9427238757784171 0.9564124199041706 0.9593388699462466 0.9897219600801042 1.007205286774377 1.0100024919717234 1.0416993462904551 1.0482069163724166 1.0953412619561487 1.1137333564067635 1.1690059498679106 1.1935604973006322 1.3030447509787364 1.9899179804407734
55 715 1.6270444187678796 1.9832803753871724 0.7413081031166117 0.7413081031166117 0.7611636377310037 0.803522577709543 0.828463112280943 0.8351582667122033 0.8481205198275322 0.868433408587144 0.8904209072248337 0.9067278792290658 0.9159909965583712 0.9254364221109163 0.9391784248520186 0.9584458634278368 0.9625613122353227 0.9874114229194001 1.0045092905508433 1.011500871315211 1.043135613344189 1.0492846980400319 1.0968352994741408 1.1255325655565371 1.1716609304069145 1.1892943196306989 1.3088856053982412 1.9832803753871724
56 728 1.6100047801346264 1.9878607611121857 0.7397618450414039 0.7397618450414039 0.759081938478411 0.7987766188777262 0.8272504795898667 0.8308080799035956 0.8464798247979147 0.8676357875570742 0.8903555070506691 0.9068193341674164 0.9156833091052234 0.9252110129157207 0.9350740059126689 0.9596569230173256 0.961208938178464 0.9803307201642129 1.0081646822674024 1.0112565798084523 1.044967651207175 1.0485930163407902 1.0893516244290558 1.1175419799464812 1.1703689845705394 1.1925989394414138 1.3109507064572772 1.9878607611121857
57 741 1.6033288762079603 1.9809516060804953 0.7359512313788287 0.7359512313788287 0.7558725181047292 0.801103200062855 0.8271761674109074 0.8304686709607358 0.8439968969803018 0.8716268262819704 0.888505417518484 0.9054864806626597 0.909660280375826 0.9180963107586937 0.9351217979816467 0.9562246733504203 0.9626139722709414 0.9779616102684031 1.0073092224603997 1.0257326716118842 1.0418800456544868 1.0494974032029987 1.0882097316422252 1.1148419058736978 1.165951558086629 1.1906164102756436 1.3254748647310088 1.9809516060804953
58 754 1.6306861420904717 1.9897085402686885 0.7293503134125304 0.7293503134125304 0.7478559758241555 0.8023810253378122 0.8274549185173845 0.8304525894228876 0.84163813347404 0.8669350020241695 0.8871137617157185 0.899875002869983 0.9114760458966189 0.9226927360954387 0.9391505874468594 0.9547154302366574 0.9653842143442797 0.9743537129147026 1.0087839477341025 1.0246266428012947 1.0319536501053646 1.0465755463826312 1.0916254705467134 1.1324541645684962 1.164107851492438 1.1937753784345675 1.3338441361934692 1.9897085402686885
59 767 1.660111015975749 1.9961335708672625 0.7237872099973809 0.7237872099973809 0.7422323954399137 0.8039041046258847 0.8244334170451109 0.8292281938986462 0.8421739700241231 0.867162929969323 0.8862040367636936 0.9005015472492583 0.9083202953775605 0.9240576896112411 0.9392871951562607 0.9576923127468596 0.9643527167227213 0.9763193916535601 1.0071624742944583 1.0257889013274293 1.0367154691975995 1.0454787116467636 1.0879202801357148 1.1456076623643248 1.1613049324631266 1.1825072195978885 1.3318098006981298 1.9961335708672625
60 780 1.7835488303448022 1.9879040993398887 0.7168762550543989 0.7168762550543989 0.7293083200759858 0.808550746396418 0.8252259308768854 0.8284564591521943 0.8410576468320253 0.8664235210931023 0.8905910157846721 0.9016193406161387 0.9065431066556906 0.9274976449112285 0.9383217968205023 0.9576969787872845 0.9662827244376913 0.976644251828401 1.009596376201092 1.0255502657170716 1.0371601462910514 1.0519132056399219 1.0910944369405249 1.155429646798272 1.1578458665154558 1.182567405229407 1.3274710808455523 1.9879040993398887
61 793 1.8970778285465424 1.9854707092382142 0.7070343435450418 0.7070343435450418 0.7268248639951121 0.8122304599399303 0.826147444245118 0.8281675156995957 0.8365171214249855 0.8665653479553858 0.8935796348580275 0.8985249675520748 0.9065140327027117 0.9293193613642536 0.9376366196807759 0.9570497032528016 0.967544113407774 0.9820879882493132 1.0078208773418331 1.0242328268382914 1.0397825207495097 1.0550356883150847 1.0965878511968166 1.1544344666521806 1.1701108846301815 1.2117086130795196 1.3305203824066205 1.9854707092382142
62 806 1.9691701278099902 1.9796535679496488 0.70739077457174 0.70739077457174 0.7216289690096652 0.8104230534056572 0.8252584558228095 0.8277526105713795 0.8359750900859175 0.8669311091659326 0.8941766940320494 0.8974114458477712 0.9069620450587657 0.926429416750207 0.9372149417599267 0.9572207504952633 0.968343156295549 0.9768909500564976 1.0078972593104056 1.0177707044804303 1.0334040791220092 1.0619899437981652 1.0972156199461296 1.158286597955397 1.1690847955792278 1.24587022863293 1.3330198791794212 1.9796535679496488
63 819 2.045789114077723 1.975174450029072 0.7010098366459924 0.7010098366459924 0.7193032194788425 0.8117585625678175 0.8245193168031709 0.8281341836683191 0.838821553449867 0.8569934054930921 0.8876483072206907 0.8940153700085842 0.9028649753613279 0.9300880366072619 0.9372433051556021 0.957558608462859 0.9687614369421448 0.9722862713014575 1.0065654247781979 1.0160843738222551 1.0319329119737892 1.0732298314290523 1.0988330958297534 1.158789053333424 1.1697384582069512 1.274849788492734 1.3255642287925067 1.975174450029072
64 832 2.1201892498198625 1.9792705260182843 0.6976975533988172 0.6976975533988172 0.7189196520004435 0.8094926790982084 0.8235357007859879 0.8274194154078174 0.838347095887837 0.8519014401809498 0.8884896181207345 0.8916637416434617 0.8954565498464148 0.9281967932120597 0.9400067609498898 0.9561448950823837 0.9639063111317079 0.9751038488806043 1.0074414380414136 1.0172777940963265 1.0284628560173452 1.0737370527618038 1.0987498715739517 1.1535395052016018 1.16554108598376 1.306536025851372 1.3314312490887248 1.9792705260182843
65 845 2.210379332930216 1.9765686806734164 0.694344548748808 0.694344548748808 0.7176159120491602 0.8046975412489378 0.822667852929226 0.8238454189634059 0.8364431209612103 0.850618797154411 0.882804462646267 0.8923884655160766 0.8989972877584075 0.9240039230582147 0.9418579103070446 0.960018803816199 0.9641470060827696 0.9772211911516461 1.0045187423018076 1.0176785197678002 1.0259114221437255 1.0727436779141744 1.0979254526206244 1.1526514011471836 1.1688122239948646 1.311423252458913 1.3629107396189228 1.9765686806734164
66 858 2.2284571178559878 1.962803824766443 0.6921790007062356 0.6921790007062356 0.7173632848878136 0.8051516399154448 0.8194469257945974 0.8206200599768815 0.834628567931037 0.8488992010794177 0.8939100955820826 0.8951073287808955 0.8993601580344589 0.9186826261384277 0.9415047516167404 0.9538199253399583 0.9656327512173184 0.9773022296734283 1.0015118598023924 1.0186950597983502 1.0295665193271875 1.0689164935550006 1.0998692427596855 1.152331473244376 1.1656537157437503 1.3053462290342903 1.4134161900911348 1.962803824766443
67 871 2.275246500584197 1.9454240342292886 0.692179964697821 0.692179964697821 0.7117283268357592 0.8069449352377623 0.8165037024430363 0.8217881893873832 0.8316358536862951 0.8491599350125351 0.8914567664829524 0.8946959391063726 0.900874755975089 0.920486955383115 0.9407650935418426 0.9503845456410753 0.9595528298005225 0.9777786789654327 1.0045375896758777 1.0232843080653138 1.0248727203268588 1.069111671529655 1.096922934026379 1.152297625872969 1.1710780409257469 1.3016024265878865 1.4378007392466299 1.9454240342292886
68 884 2.3336401405467337 1.93326848879001 0.6923431911231753 0.6923431911231753 0.711176198537915 0.8030571310857985 0.8172296633699305 0.8223178176956768 0.827230624270597 0.8440030734255886 0.8862048237320378 0.8911848358644704 0.8959658794247778 0.9200751896378873 0.9438766306922389 0.9501773197573292 0.9628074621355903 0.9762538388401376 1.0028657097816465 1.023024731067831 1.0255000908812475 1.070889085410177 1.0999081505846675 1.1609580613145762 1.1754148034450997 1.3023420379322102 1.4510133888334995 1.93326848879001
69 897 2.399530244749408 1.9341780160124304 0.6857011723702411 0.6857011723702411 0.7131639828620168 0.8043140631103839 0.8168657149354792 0.8202369083693237 0.8272830769489722 0.838173611576711 0.8827142508563978 0.8915511504883333 0.8964225285680109 0.9161340581823536 0.9455667042719859 0.9498620512327198 0.9594825130218376 0.9764484704384127 0.9984430047888585 1.0232654555144203 1.0245128068554143 1.069408092304178 1.096593603921275 1.1678827087494081 1.1752263812686323 1.3189498145462177 1.4654805585318966 1.9341780160124304
70 910 2.5188530287295983 1.9396621882602005 0.6774941123491343 0.6774941123491343 0.7098585449565825 0.8030372637291281 0.8090381512232891 0.8241433922493888 0.8318184918925683 0.8392290159898228 0.8804368129412283 0.8944537441894704 0.8986567703367168 0.9190200021351056 0.9408523004869681 0.9450953814419683 0.9597231698571719 0.9748428380553933 0.9980624109550307 1.017809664974679 1.020225777906916 1.0730059377059689 1.0892523917363517 1.166771327130853 1.1799605985372208 1.3231968637906957 1.4953753633833404 1.9396621882602005
71 923 2.6590557401426462 1.9307107099830922 0.6763810314447318 0.6763810314447318 0.7079413342209937 0.8021674718055948 0.8074446982170154 0.8181061747485759 0.828159339927833 0.8361908160143864 0.8795171768820068 0.8924038899284463 0.9005395897651548 0.9209380021404934 0.934881535472665 0.9437874059608107 0.9575760047929693 0.9741514933200898 0.9961134727116393 1.0121447031164537 1.021094054255923 1.0760807593703423 1.090867283425992 1.168163082906283 1.1792925860442711 1.3199705460346023 1.558725587760535 1.9307107099830922
72 936 2.817520645895067 1.9349609626765698 0.6859809912784488 0.6859809912784488 0.7061175073035616 0.8012376761576154 0.8116307988798366 0.8166536104835407 0.8338453153417791 0.8363942901645384 0.873239838044623 0.8954922146131075 0.9103775038586228 0.9160266036459469 0.9388703986342872 0.9447267084933842 0.9599274571656587 0.9738353245485697 0.9955679083346275 1.015376107474406 1.0241535750844077 1.0537097157827982 1.0958331822521898 1.167046777379701 1.1829900775750648 1.3222190577338755 1.5793733550439615 1.9349609626765698
73 949 2.958079145752063 1.9153815324227128 0.6858308380463345 0.6858308380463345 0.7032755509837724 0.7976545877214448 0.8078467645537095 0.8176918744790872 0.8348045904893746 0.8393745718176517 0.8704444778045338 0.8947217869714699 0.9106865460867858 0.915949089035 0.93970805934482 0.9418361031923409 0.9553959151269934 0.9692189208189548 0.9965250811867502 1.0245951818079948 1.0387232306508625 1.0501884700721378 1.0940875958662284 1.1667421561446645 1.1874646576961214 1.3287188578941507 1.6163510546507525 1.9153815324227128
74 962 3.0284424420132914 1.9092500028959354 0.6795885776699225 0.6795885776699225 0.6986529115046549 0.7895302011886978 0.8079502437595986 0.814644404239857 0.8337345769252984 0.8386431975571021 0.8703682682547111 0.8958946661312145 0.9062438591291341 0.917432379300765 0.9374963953241147 0.9435283344507593 0.9487533709652558 0.9700269589858627 0.9954919063842194 1.0234878525325526 1.0383647911212792 1.0550405756784522 1.101569624727549 1.1754084500222586 1.1865655936691422 1.3403735393016862 1.650429333948612 1.9092500028959354
75 975 3.138550480029692 1.884213330886692 0.6721543734199005 0.6721543734199005 0.7000274367203178 0.7863137782018772 0.8059858318585795 0.8160819418043254 0.830892236704648 0.8358932347889884 0.8682403630663649 0.8969014375099652 0.9027363238234369 0.9183901483411595 0.9323919731921799 0.9403115712580716 0.9518682259706435 0.9703552911508886 0.9918905444299783 1.0221881352680118 1.0476528212477647 1.0644212129268924 1.1023367346619126 1.1757884010133 1.1916774566033606 1.3432824069384888 1.664165169667638 1.884213330886692
