% # columns="iteration, evaluation, sigma, void, void,  stds==sigma*sigma_vec.scaling*sqrt(diag(C))", seed=596332, Fri Nov  1 18:21:15 2024, <python>{}</python>
1 13 0.4869586536893704 0 0 0.4843349340858976 0.4858581404926976 0.48483381430386724 0.48680481249612145 0.4893222862327091 0.48673770847785425 0.48770748074534354 0.485816716482595 0.4864197239573904 0.4858523000604576 0.48680395852025926 0.4855678918267537 0.4837849669250634 0.48606510593028224 0.4877456031524755 0.49411125231789077 0.487652347364878 0.4869301304311292 0.48829737893229663 0.49406884953322217 0.48755846067803005 0.4883498729840331 0.48575998179030755 0.4842225978992224 0.4881467744073603
2 26 0.4820125992145973 0 0 0.4772986529357255 0.47955112171346675 0.4797198490104255 0.4812810303715672 0.4871947445015192 0.4803017255255405 0.4851346030514253 0.4826600755832457 0.47777423301504196 0.48133046711425886 0.48422197321898425 0.4779868591453208 0.477086307941274 0.4832388761562024 0.48227004624855063 0.48826816585773525 0.4847589936341298 0.4818883187240832 0.478189021653879 0.48892129860359856 0.4802698497927892 0.486381049471893 0.47925093885252495 0.47873885316313414 0.4834992412194999
3 39 0.4752038173065204 0 0 0.468727026480879 0.46991533604422075 0.47162890245018557 0.47510685869926333 0.48116460815103645 0.4733037611177493 0.48133390948306315 0.4760482274312514 0.47164959107936455 0.4758577694888026 0.4822122136301707 0.4692105744223368 0.46740239972503494 0.47811813880768567 0.47675590201476115 0.4794351366207651 0.47739996136500634 0.4743573061947515 0.47089191529339985 0.48498469729725957 0.4726098433087437 0.47978950780608176 0.47191818579550493 0.4713115572241412 0.47667995514807227
4 52 0.48268188255900935 0 0 0.4789751776572305 0.4777977388523279 0.47993322864105736 0.4837487468468934 0.4931441308298047 0.47997356200309943 0.490639822846148 0.4809108796903668 0.4775575052496372 0.4820842159535725 0.48772915319848803 0.474560849572054 0.4725191609810762 0.4845222097781984 0.48092538980559396 0.48736806654414977 0.485093684087667 0.4795382808281851 0.47959415794308935 0.4926948624214772 0.4834625342231631 0.4880112573812479 0.47582636626423785 0.47806174764567705 0.48277261785705644
5 65 0.4994031326395307 0 0 0.495419056329707 0.4946736208792825 0.49738585192321094 0.5015424715304987 0.5085225853221603 0.49382255069938236 0.5182514487602825 0.5016295696250013 0.4895612686578724 0.4974780033612733 0.5032958893621798 0.4896911247206074 0.48536679759788215 0.5049068926003528 0.49713206951941247 0.5054031170098707 0.5030000710127734 0.49754480496456177 0.49532039287092006 0.5070803581044938 0.5017440448975443 0.5036095976610964 0.4889431809953454 0.49461545879507535 0.4977235532816669
6 78 0.5171315086668627 0 0 0.5111910847455317 0.5069902700328918 0.5146986678688487 0.5212454860457395 0.527689059292758 0.5105263963317931 0.5413868136593503 0.5204659485064824 0.5073074562725096 0.5141568458912054 0.5216957985790349 0.5064098503062138 0.5024085886629625 0.5305839119226545 0.5108890121409765 0.5213285818379246 0.5198909428854296 0.5169131186095288 0.5122350958361419 0.5235557591751316 0.522757213931556 0.5230777484124988 0.5080338362471274 0.5106741168919166 0.5171627004600998
7 91 0.5419136055976213 0 0 0.5256208073990363 0.5310351977994505 0.5379423503128846 0.5498268478920504 0.5531328989675826 0.5369580008779522 0.5738089074241239 0.54981488948618 0.5306086055725369 0.5355711003330349 0.5507115970180316 0.5300354936096935 0.5259961506865394 0.5580882752657214 0.5328119606698398 0.5478610364288113 0.54674942367284 0.5421556755272621 0.535470784257135 0.5481219899646489 0.5481859340767267 0.5503499438019406 0.5333424692274974 0.532409494496199 0.5426397004359738
8 104 0.5703330927662695 0 0 0.5491605262196869 0.5602644042336148 0.5711713676460316 0.576339124897885 0.5851874159113318 0.5664141964016496 0.6089542123816359 0.5850408260157351 0.5559655958340649 0.5634813676547272 0.5798718906583726 0.5595371791395177 0.5523631395553362 0.5925581644271469 0.5564293113317221 0.5766439779404386 0.5771602124699438 0.5679018890617517 0.5600037426015174 0.5778141538051237 0.5778057163384817 0.5795303196849585 0.5584306118865799 0.558759312199613 0.5700272278194699
9 117 0.6055478362218426 0 0 0.5766481256010211 0.601273174073568 0.6043564161064792 0.6098313406399767 0.6253449148922057 0.6022183367833613 0.6505172935476817 0.625425400514919 0.5914386807236036 0.5993332614161722 0.6164318481644566 0.5958867451145736 0.5855392711480384 0.6342287728655657 0.5896138255309371 0.6109278168376432 0.6154286022269072 0.6052777169791635 0.5958018878328296 0.6121342613929596 0.6111620337204021 0.6181420500406842 0.5925595318590052 0.593275611554769 0.6100949808709463
10 130 0.6439609661047849 0 0 0.6109368477769299 0.6405386975426197 0.6384305243951246 0.649104767254097 0.6653128837848148 0.6485750298974859 0.6940545061973693 0.676366555126277 0.6282520640983243 0.6414745800827303 0.6620935821350947 0.6300634724775895 0.6220030263048043 0.6773007809637481 0.6301472998255495 0.6533975168136746 0.6567059770567233 0.6427865869570872 0.6327023503348109 0.648237308759324 0.6462404983750196 0.6613058062025788 0.6289312796613247 0.6302785185980385 0.6533876942512495
11 143 0.661928686319276 0 0 0.6256053915691964 0.6579650916259738 0.6587678461962174 0.6689009314733309 0.6826396555526126 0.6679215143775237 0.7096704266486876 0.7035525064561262 0.6455950102623389 0.6594588399550543 0.6814927730256853 0.6474934499090953 0.6401941522068796 0.693859048907941 0.6493187072036262 0.6714760813455364 0.678939683734927 0.6616581460743081 0.6510442842608696 0.6689457154572905 0.6613901657249803 0.6784253541655362 0.6487999672852786 0.6499626254168918 0.6666001964694076
12 156 0.6873705963031693 0 0 0.6442292868337758 0.6818778424149156 0.6850930159351684 0.6938030054714577 0.7095013883052297 0.7022460855485191 0.7321609530076695 0.7417048288548478 0.6716922604753048 0.6806096187741327 0.7089679599014987 0.6717354210857349 0.6632724356381453 0.7230543865634068 0.6788703487574471 0.7027053729997051 0.7063905370547068 0.6821176720160347 0.6746168369868483 0.6958930402037208 0.6854496021322364 0.7017954060450504 0.6723300108776392 0.6726837498165877 0.6925208869730962
13 169 0.725964870686885 0 0 0.6758000648105881 0.7223006058685849 0.7251475237094215 0.7321480792339773 0.7485253563281192 0.7425075389130495 0.7738647141623504 0.8008212095763048 0.7095683501383805 0.7180794752381422 0.7485341649108743 0.7102822951078471 0.6973000596834569 0.7616286894866752 0.7208170593261264 0.741043509540451 0.7462923161092306 0.719903179040038 0.7117153936339798 0.7352290867117115 0.7238560762838049 0.7494298004990111 0.7083313967784571 0.7103721568654794 0.7287731837376303
14 182 0.7651153415438986 0 0 0.7097597872033117 0.7621537193616018 0.7637573058870007 0.7683336319055737 0.7876345140710344 0.7856892304653657 0.8125738023516039 0.8523015160346602 0.7547722489717235 0.7551596345348566 0.7862998603705074 0.7452542219279445 0.7310044232679048 0.8039321310480689 0.764064211940003 0.7833574420311098 0.7846562667979493 0.7596820676527143 0.7486618485861853 0.7816350291184194 0.7684466944272159 0.7916044329184627 0.7458766947689085 0.7515574197537028 0.7633652073308733
15 195 0.8153907227635568 0 0 0.746720562035201 0.8157793834328342 0.8148188831024178 0.8202958213374235 0.8373278327988198 0.8386339867056118 0.8610974723788204 0.9259944730630592 0.8099646603700559 0.808296742219712 0.8300023261048692 0.7935486882680406 0.7806409273936971 0.8521374245552942 0.81523844559318 0.8356825935171318 0.8343564681769271 0.8260537544850947 0.798163145182925 0.8397133143940078 0.8207515492506017 0.8403059804497263 0.7940127034691451 0.8038625017405232 0.819133626254321
16 208 0.8727663167790364 0 0 0.7910121604020444 0.8702029777499671 0.8716562632766004 0.880238945605797 0.8913872007375547 0.8988465134081776 0.9130064946707377 1.0171084578875724 0.8697178382736317 0.8592733383534825 0.8861034089319638 0.8481643615254332 0.8349991377278659 0.9113058454281713 0.880258863436866 0.8948208274737974 0.89239418898826 0.8966328100323501 0.8535401966046952 0.9009871947379321 0.8854854635075566 0.9019228107644666 0.8484674475802514 0.8609171584316919 0.8743636942922975
17 221 0.916375829403851 0 0 0.8291734983473967 0.8999435212051408 0.9169071794161808 0.9251131389555252 0.9410267619052327 0.9391614615099857 0.9509311333735849 1.085282928136432 0.9173263068257774 0.9036159040745666 0.9317177340290606 0.8881200771889362 0.8774558899282667 0.9542979150150763 0.9286818621131337 0.9360550224699321 0.9374311346220768 0.9486604877718666 0.8917238529205005 0.9461261150212171 0.9343910212248999 0.9507106547291123 0.898250248382044 0.9063223192314188 0.9157956999041786
18 234 0.9662033830779367 0 0 0.8674016123725659 0.9516433771182593 0.9570029876898852 0.9672854473320727 0.9949817237567349 0.9901575442180564 0.9968702792999464 1.1687399633766806 0.972703236307086 0.9541751361332642 0.9778805471231099 0.9360031019907378 0.92725286044316 1.0031075736147779 0.9896479207822042 0.9857646340780298 0.9855485575628546 1.000989693538067 0.9409650683174633 0.9970468517409016 0.9946599821457573 1.0018633972491378 0.9504638018419107 0.9611918919078789 0.9640338306149521
19 247 1.034069009794961 0 0 0.9233827008384842 1.0175359796424934 1.0275201676733745 1.026694603448993 1.0660340339585905 1.0592058612495396 1.0651741910566845 1.26783022645809 1.0350318603421311 1.0310221171078193 1.0519879471950166 1.002160807780895 0.9960026940870272 1.0755287176559825 1.0656163690810252 1.0567343469249453 1.05274627252903 1.087163735846359 1.0059631431536928 1.070982527847187 1.0669297731363718 1.0691721397056622 1.0223120682640374 1.028874276386232 1.0351913804651303
20 260 1.0801310109124695 0 0 0.9657998522657522 1.0636033318271676 1.0792146314767672 1.0770732499990638 1.1158021893854888 1.1071659360329353 1.1091630329187825 1.3445866772747923 1.0828360194677715 1.0794859066617082 1.0985150650810054 1.037446477993725 1.0351115825331698 1.1221452250503752 1.1200776972725457 1.1034480097851584 1.0987049959605586 1.1453809891272253 1.050266875524398 1.1219710923638133 1.1172592929394314 1.112450091258172 1.0662425075702666 1.070897465459289 1.0803680970360352
21 273 1.121135867291711 0 0 0.9997721350197183 1.1080504809972511 1.1261323799028085 1.1254637838396646 1.154119001518518 1.147587670476391 1.1449802213298 1.4125559073443898 1.1288794245698177 1.1157846211503302 1.1403290916642153 1.0785100041866433 1.0789547753540096 1.1619663390795256 1.1662276893782937 1.1405917717721812 1.1437322360441653 1.1966246456659682 1.0911569360634876 1.1712744363721204 1.1664279460454372 1.1522786021880544 1.1064256857245591 1.1070422022497806 1.1155069649270088
22 286 1.155052295229771 0 0 1.0248456648405513 1.1406698287094308 1.1555091326217226 1.1572419589082428 1.1949296967688467 1.1805035183840107 1.1674519793899718 1.4592907422399497 1.1634632319983391 1.1561849838265026 1.1748904664466002 1.118852237159167 1.1195378389046236 1.2045079148596938 1.1971126804135737 1.1793321742085 1.1749565081937083 1.2319471613405748 1.1173669903938017 1.2115106531502264 1.2039395334629805 1.1905000914679045 1.1406627565851284 1.1435123469436848 1.1486151546941286
23 299 1.2014986655852187 0 0 1.0607252600008692 1.1890417015584636 1.2089468995079975 1.205105313283227 1.2406739771803352 1.2221443631165845 1.2097410541411056 1.5315037423912454 1.2116266888455618 1.2089183449898444 1.2224018990562122 1.1560132397825822 1.1748780110607338 1.245475200148933 1.2552738978581075 1.222733729818044 1.2147413383563341 1.2861932721606149 1.1701151753581647 1.2606936862623752 1.2553983044142945 1.2364777726139888 1.188811022953248 1.1862437245731516 1.1914072727636
24 312 1.2069417892673828 0 0 1.0655224476609322 1.1985356325648742 1.2146673846369223 1.2108251443592222 1.2489039403516478 1.2306759956308337 1.208915811390874 1.5540794306022614 1.2203600490950988 1.2102908772883263 1.2301307201211222 1.1636848930207087 1.1835395242257607 1.2541509834105369 1.26344060991649 1.223082113834656 1.225032683046131 1.283003547808997 1.1767364470995698 1.2716198411704704 1.2656067722332747 1.2366936765813217 1.1954831326421085 1.1891122480910101 1.1899751692570457
25 325 1.2329927181692661 0 0 1.0863698463353855 1.233691997597123 1.2300052544797069 1.2414703558568099 1.2752409511108125 1.2488091619101451 1.2195506477445486 1.6075118802753543 1.251740655717401 1.2447631882405399 1.256848952479277 1.1835726651035763 1.2168096958542571 1.2764913589941718 1.2921141820730655 1.2542010980214886 1.2525009885026723 1.3030882370617136 1.20752000525479 1.3021496257792593 1.2935633786173604 1.2644642843530398 1.2208032710056498 1.2100867839125056 1.216275680303696
26 338 1.252326373404175 0 0 1.1039599491085503 1.2559973026632512 1.2496929788741682 1.2608089659561672 1.2928219904293368 1.2662390676627564 1.2257499017734372 1.6362695092502353 1.2716616850041758 1.2803275214272432 1.2804316328960557 1.2035217426476215 1.247737550605651 1.294228872564942 1.3065654519634424 1.2726344037345196 1.271464656949537 1.3193083888148245 1.222509374432759 1.3140215216879336 1.3097187897933464 1.2779946179703654 1.2492579513678241 1.227256483386352 1.235406910906775
27 351 1.2714077932777716 0 0 1.1229400881494844 1.279048543895404 1.2657218959360725 1.2769732591358933 1.3037971085989084 1.289691759705304 1.2356917541847945 1.6791213241915757 1.2919739219388457 1.3032068215702397 1.300093699311389 1.224318752321524 1.2626077702011647 1.311152221785468 1.3284370201898361 1.2976939893295132 1.2958598219258597 1.3466711471899644 1.2389170094764574 1.3343336535581376 1.328566202461326 1.293961326818173 1.2759043922669036 1.2421028732560486 1.2550429122341922
28 364 1.3082316033094725 0 0 1.1558521241401676 1.3176700368207914 1.2938189476344804 1.3078447606180226 1.3429359305096666 1.322082599379529 1.2567250493226971 1.7464844602091214 1.329069429158369 1.3407199513602581 1.3366786079936261 1.2576246904347959 1.2996721609613362 1.3438551094727402 1.3660960836008327 1.3338730316905882 1.3402459655735348 1.3752537348923346 1.2834639341414744 1.3892478524913634 1.3640403209615015 1.3315608684864015 1.3214028513002196 1.2770863159951507 1.2868486865368494
29 377 1.3432123026101093 0 0 1.1702023975741567 1.3508179414267536 1.3204727309845188 1.343434007762972 1.3858554894372799 1.3578806398532843 1.2846463630693157 1.8103283272186568 1.3679282802392425 1.3831907019117091 1.3726287202293836 1.2840205663103543 1.351229132329948 1.3744542188970765 1.4006795102531067 1.3783549086728375 1.3752025826842373 1.4131251133299687 1.3116644507304702 1.418800650004242 1.3983780049457877 1.3681260508492845 1.363104916265886 1.3058223111033025 1.327161996397098
30 390 1.3633579802073634 0 0 1.186979021256567 1.3686639770125424 1.341452998766915 1.3658989151543122 1.4131730727139713 1.391368027080681 1.2953459739718869 1.8411002856776644 1.3913040153640297 1.400180402117033 1.391871685304183 1.302774501453274 1.3799470224959802 1.3831782684270628 1.4193108378114871 1.3996696206450177 1.3940026815635371 1.4289020137662807 1.335296113715346 1.4362553684683352 1.4148519403799973 1.38352056423021 1.3903246892614194 1.3161022460622953 1.3475917944415237
31 403 1.342561212336152 0 0 1.1591534899615334 1.3528234199161404 1.3141072133403524 1.3527958184057176 1.3902772442310831 1.3739342305986597 1.26862419941392 1.820041579820081 1.3694922633874353 1.3770304527005917 1.3639827068252341 1.285166803641771 1.363712357508709 1.357704870803672 1.3974477769164353 1.3836676311321046 1.373743576089902 1.4062959679471527 1.3164803976535724 1.4102376215585153 1.3948315212515607 1.3539709472022672 1.3724936331444613 1.2930894030763103 1.3275573569476329
32 416 1.3339647077889687 0 0 1.1450069944214696 1.3440136253980615 1.3079795393749494 1.3368786634555374 1.3739625150784391 1.365527714525219 1.2504029620564134 1.8304097154311836 1.3564395573530663 1.3681019442953455 1.3594815609568618 1.2772736394001563 1.363360234875438 1.3476190913375126 1.3847026727732927 1.3711981311151311 1.3645190740889939 1.3941535777246512 1.3071502163098712 1.3969946771869415 1.3895477424117957 1.3447176403929002 1.3789132348634217 1.2762054190013596 1.3263255426457594
33 429 1.3570091579502304 0 0 1.1635181990648722 1.3762080770775957 1.333574630485899 1.3621082226237862 1.4101947329214322 1.3962429056869177 1.2586119824438815 1.8757427467651098 1.3745112212578752 1.3893930531063619 1.3921630676394308 1.2944286806991607 1.4006977159925418 1.3725863545758745 1.409325337772306 1.3933377293440439 1.3793561338001625 1.4256712306779942 1.3540848364437252 1.419967409918297 1.432041824023141 1.3668212695250554 1.4006718765405983 1.2899977255775164 1.3506638478536015
34 442 1.3830699411178078 0 0 1.18278130801713 1.4095725805967743 1.3599108453936577 1.3846147277860303 1.4447088172770244 1.41964235632842 1.2725798721884518 1.9398411919184722 1.3995119047274855 1.4156456225937708 1.4225372531835656 1.3220332462906283 1.4348885128009223 1.4017176757617624 1.4447740972857679 1.424403780271462 1.3969966475165423 1.450500293530223 1.3817627617053696 1.4387530821860604 1.458696518314383 1.3856224847776077 1.4378776686682369 1.3148209089222966 1.3703705497684453
35 455 1.3863892622988963 0 0 1.189715655587287 1.4008111346696248 1.3635108301229326 1.3889501114256206 1.4568678684039333 1.4109170132169806 1.264216951907023 1.968280481957948 1.403891380950835 1.4260311842342293 1.4348805561460185 1.3141991866771279 1.4445236911302792 1.4057543174553462 1.4442980917349892 1.416769289620564 1.3947301079837664 1.4539447516285458 1.3874372076039878 1.4432658870096904 1.4582062127634892 1.3868271642742938 1.4449443507637345 1.3192355257011876 1.3771005253076012
36 468 1.3900339312633638 0 0 1.1927475986805134 1.401787309432068 1.364752223204988 1.3901899202805903 1.4673218139116628 1.406937390753594 1.2605826976803902 2.0129605972141182 1.4122114239534003 1.4335787838660892 1.442151246345825 1.3179438180179825 1.4395791749220048 1.3996890327216542 1.446274243768162 1.4195418190907636 1.3960410336849727 1.4433108312754381 1.3921998926505876 1.4423900271075916 1.461086325222836 1.3923534583334989 1.4583072531747212 1.3274935761608975 1.3769294078984908
37 481 1.413924609651423 0 0 1.2266403200026055 1.4216083591628446 1.3691239879586778 1.421222764450845 1.5016888578190009 1.4285727665569372 1.2756551577065187 2.063789119663047 1.447162452028149 1.4650319778624665 1.4701835459136856 1.333451909563871 1.4685933175931465 1.4266902365357306 1.4764465183519087 1.4460120395636467 1.4186574230356093 1.4600648830794074 1.4076690495572597 1.464403592574246 1.483917704519701 1.4166118577193973 1.5006943024851065 1.3479579175561829 1.3995791655763703
38 494 1.4737126600398947 0 0 1.2752985128110532 1.4831808306152436 1.427994046200583 1.4782465282790653 1.569222334807064 1.4879021144529583 1.324264472738058 2.171283859859702 1.5239123357271316 1.5281392690947264 1.5365517036530292 1.381367065903369 1.5243627775032813 1.4793457994949029 1.54228904576569 1.5190920286113263 1.4866369022552242 1.5283894817103396 1.466854134832445 1.5344602459314167 1.5489927995813295 1.4773439355873534 1.5761012498074456 1.411213188425212 1.4542466339554259
39 507 1.5200217568693546 0 0 1.3301363726347624 1.5342303501179786 1.4794171581626034 1.5016875406496404 1.624026378181379 1.5353306436644876 1.3586022308709484 2.2515224805736893 1.5743175628518293 1.5863611406995226 1.5829272521656885 1.4162640074883732 1.5704764919578105 1.5306098089417546 1.5913659154733875 1.5730900141029902 1.5340338146630272 1.5817145745435177 1.5055600878592448 1.5806060782002291 1.5836094909132032 1.520274301858941 1.6330235985751895 1.4492537010036135 1.5073174570883834
40 520 1.5541332143828237 0 0 1.3676373026495101 1.5686542456110044 1.5153270766696494 1.5346783797247394 1.656811566589478 1.5610286534443263 1.3703291819410999 2.3181318025410436 1.6239872465846177 1.630831591583868 1.6184937030526199 1.4514476122111437 1.5954776224162004 1.5675734817980491 1.6254471513187059 1.6082278857312904 1.5783716109205888 1.6101304944860158 1.5367325461964847 1.6046005841676951 1.6131557998592523 1.5514394339618869 1.681462170661584 1.4804087412559077 1.543916557860935
41 533 1.6095985941081594 0 0 1.4235969771143704 1.6230564397985339 1.5718520487420566 1.5905246470859549 1.6973245267841528 1.6187087525101924 1.4137718314732433 2.4433944730546537 1.6795622524136764 1.6983261185462368 1.6820409419397033 1.491780461493923 1.6391597795224468 1.6159432000710323 1.6973334111712701 1.6648432790219438 1.6407201781444152 1.6739581597650781 1.6043065363286555 1.6602064573137267 1.6734068420305026 1.596513541110565 1.7418357714414698 1.53875308509915 1.5949248077399008
42 546 1.674606093184706 0 0 1.4766783927201452 1.6884419702886124 1.6216743597288037 1.6491085533977177 1.7676181663473987 1.6896758745545357 1.4705826237694257 2.5739052208529025 1.7488067145588642 1.7701675124354195 1.749582433667778 1.5483991204872345 1.707122791254419 1.6793503633593831 1.7773170575554276 1.7247924528208258 1.734324547603871 1.7433425246498975 1.657984588966094 1.7331965536698786 1.7427632695576087 1.648619186189931 1.8282675032204012 1.612329614520426 1.6602422592026829
43 559 1.737785481826802 0 0 1.522448134666958 1.7618107910693133 1.6668979089434977 1.7049028503293664 1.8330635757745182 1.7673397463340699 1.521780220811852 2.710175777618338 1.8311822560825535 1.8347845697509257 1.8118266428320577 1.606221358381844 1.7622910011039838 1.738398136886893 1.8365405282749625 1.7929747604858095 1.8061435824505763 1.8077431608963805 1.7149319878497644 1.802752705031981 1.8096681688741854 1.7127469958184216 1.898926887662193 1.6798501596575415 1.7349389917274376
44 572 1.8065326490210099 0 0 1.5916073441061558 1.83106652694107 1.7507581160506214 1.7672272702722083 1.9152988389412495 1.8388733938078758 1.5767969257578698 2.861334358035125 1.9159658309233942 1.907670264491874 1.882103947028103 1.6687170770138169 1.8321227164891942 1.815443674439525 1.9017077523217067 1.855291710898315 1.8689683178287224 1.869878691110366 1.7787647463156708 1.8671890320018452 1.8656902569001859 1.7760573077141757 1.9837521676772798 1.7500189767755552 1.807037911370308
45 585 1.8738318964459446 0 0 1.6428271489781883 1.9062521453402432 1.8356209161862613 1.8369506178959225 1.9962216261742072 1.8979609266068527 1.61593977395184 2.990218925438264 1.9910198835542394 1.9865598972311533 1.9439553048966516 1.7300227554270726 1.9162362805781166 1.8804879664658491 1.9646035508250228 1.8996216762994702 1.9447773944852214 1.9491053412756068 1.844372291726408 1.9370555531539069 1.949844825201387 1.837663589393768 2.062237328212042 1.813626897292805 1.8768948851854357
46 598 1.9404963278451148 0 0 1.7081563266366189 1.98006641793919 1.9364463930885534 1.8941029143471235 2.0689792335071275 1.9527420694561697 1.66982832178339 3.117317417477753 2.0642275602991487 2.0583833506232287 2.010579081521943 1.785151310904592 1.9912929726648034 1.9501829091982326 2.0434152505954044 1.9688985821753722 2.010973661983127 2.0122552869091566 1.901718297024559 1.9939762806597978 2.0231883144950795 1.9023857455433817 2.1294222791197424 1.8668531123963157 1.9438779991647923
47 611 1.923657142772814 0 0 1.6922663217566463 1.9648312388313582 1.9318537719311852 1.8785745153426605 2.031962348590552 1.9319021737271196 1.6460859484353463 3.070375753533301 2.0583453561302583 2.0357678375033132 1.9818351345196066 1.7705526362799995 1.9780237137045378 1.9377757688502737 2.019036496287489 1.9497157980771778 2.0005363456162755 1.9883571264285613 1.8878822173327194 1.9825801073033293 1.9994828765973665 1.8822008434029578 2.10013295774443 1.8463218965133157 1.916161255900943
48 624 1.8991931630259296 0 0 1.6667496053244382 1.9459377759131047 1.9085633532489121 1.8609317018478337 1.9942660493270135 1.9022311184798617 1.6123370525440466 3.0268051476460585 2.042418116483751 2.012679444829579 1.9442785667006723 1.7441650257788335 1.9606546978386996 1.9145308118045747 1.993670333974597 1.9251142304048237 1.9622872931742645 1.9645978887842626 1.8606561457889903 1.9649887335566358 1.9810884707410177 1.8507067240287178 2.067131855211279 1.813019503644533 1.8989814231726425
49 637 1.8865321723949304 0 0 1.6627268014303318 1.9499771150985123 1.900469246674892 1.8401587467298557 1.9659881201516356 1.8967697403083608 1.5860025138350007 2.9900314745775955 2.045115540930295 2.0046804328991987 1.9212753522748869 1.7333434289308154 1.9471035764989109 1.8983270219374737 1.9915335911858334 1.9152988600547 1.9581349068378047 1.9331214911197023 1.8467962405985077 1.9486813930702676 1.9680383728316642 1.8353730458615831 2.048997501026659 1.7965485621685955 1.8910740452475479
50 650 1.8105707606131336 0 0 1.5963821680471342 1.8779313934747477 1.828949195178192 1.7816704252812945 1.8806005004470931 1.817347578270131 1.5142983918281223 2.866401779338122 1.9764597927540515 1.9175784204785196 1.8411544063976368 1.6631331714960642 1.8620758941491162 1.8194888681822503 1.9061906071265402 1.8418248838267244 1.8799428297076148 1.8515246011933932 1.7617613148041522 1.873619159128532 1.8791637456962564 1.7543651686279527 1.9676118722080271 1.7217234418091973 1.8150093921937955
51 663 1.7488732494624495 0 0 1.5395943222577626 1.817651245689989 1.7574489190472877 1.7082413476885572 1.8128461633172686 1.7403881601691504 1.4506915096563495 2.7797655723858283 1.9200438850581303 1.851704332206003 1.774328006789412 1.6070931301956977 1.7968117184613759 1.7585086115598787 1.8584157963189205 1.7786427015438875 1.8215020123157795 1.7783105696829562 1.7005389578979728 1.8065395327432983 1.8182352740186793 1.6974275824718654 1.916102130004621 1.647957545872953 1.756838640738896
52 676 1.7086438274284546 0 0 1.5186671989740308 1.7757344999412716 1.7137258925117898 1.6763215817299117 1.7745047039913742 1.6943890772516836 1.4139934649340256 2.7331357500384246 1.8962731701838613 1.8071483247282396 1.730995770221977 1.5740935542963292 1.761204682968451 1.7232712680026672 1.8138640063285958 1.7408179290916488 1.7604992436577023 1.7324372846767808 1.6581484263284145 1.7665615716217895 1.7762903568695683 1.6527876336552412 1.8693809265952033 1.600495872339921 1.7101607586485599
53 689 1.678325345194254 0 0 1.4914157794107064 1.7554204310019694 1.6845447734951293 1.6580763936538065 1.7320989662847304 1.6753487655446229 1.3824547999650845 2.6936400104524574 1.8574951070200323 1.7764241772398872 1.695468083933396 1.5502147569105742 1.7311226171576448 1.6907662418361595 1.7866291216164656 1.69627359177103 1.729578349847076 1.698375085568491 1.620992498043766 1.740215380870307 1.7406517102937888 1.6256761970456357 1.8177356986743758 1.5663417203701582 1.6815992447007118
54 702 1.6499794624635984 0 0 1.4545280728364225 1.7149214623243523 1.65792150954443 1.6251073763840835 1.7035652647816932 1.6477388320432185 1.3533544793430092 2.633632475900156 1.8526702417982506 1.749932468732301 1.667403250467832 1.5278364746915607 1.700685540676115 1.6543410249785484 1.7635609482932908 1.6654054732434471 1.6961562367973113 1.6638025948449389 1.5965058040338136 1.6935442912756384 1.7241390051306569 1.601862231192035 1.7895730689014335 1.5420944143158613 1.656410347736625
55 715 1.6270444187678796 0 0 1.43497382916905 1.6861871500102392 1.633437301754918 1.598835391210883 1.678347535489914 1.6168250572522054 1.3220642273306982 2.599874444235056 1.8555649509567755 1.7242290287685251 1.6435723187904403 1.5031645187229623 1.6799837966157316 1.6324667878340318 1.7347228719829137 1.638053115791825 1.672905275551147 1.6279162599097456 1.5748816847164417 1.6627632399516905 1.6982410902872338 1.5762532817032637 1.762890480851111 1.5115150095819467 1.633461641061325
56 728 1.6100047801346264 0 0 1.416608708045689 1.6736569923131444 1.5942878055449774 1.582358675710667 1.6617906558956113 1.5999359981699688 1.3041235511955513 2.561109885144828 1.8547581143185798 1.7044382964449085 1.6312731055152228 1.4880088748819562 1.6616870047829548 1.6148363042236744 1.7092142487558597 1.616800550150507 1.6456847786966133 1.623950812530907 1.562884530593053 1.639149299234087 1.6745839231930135 1.5621204842985654 1.7440444260282262 1.497494442411222 1.6196774246566388
57 741 1.6033288762079603 0 0 1.407325573822361 1.6798062457777316 1.5928087507570854 1.5850829174637757 1.6541188187107723 1.5944069523871367 1.2817048833538576 2.5581498441825974 1.8464141839457198 1.6957354653865264 1.6210281328150795 1.489173597879886 1.65507256473079 1.6087160279546315 1.7152976037606542 1.611170562287036 1.638194040760153 1.6173015464353615 1.5562394681455451 1.6355917180814468 1.6741295966089142 1.5594156583321497 1.732879543854554 1.4923171271109863 1.6045497187437674
58 754 1.6306861420904717 0 0 1.4302044548319477 1.708599032519097 1.6161697789921605 1.6010474340850758 1.6851681568743975 1.6211393502688731 1.2970767628156963 2.606021027140092 1.8992835397378343 1.7287502555040501 1.6518298145672483 1.514312853277467 1.6789994224137117 1.6421296235644045 1.7491865362712815 1.6370836674677898 1.6490165907138934 1.6488228275795562 1.5737960057675255 1.6593421905333259 1.7036380095222987 1.5861801136864297 1.7595764861998426 1.5125102695203272 1.639634437327714
59 767 1.660111015975749 0 0 1.4449540525733195 1.7550436471688255 1.6419068155087728 1.631535543943812 1.7048081627069969 1.6738228437509552 1.3068374781761036 2.640860488462817 1.9296789585575829 1.7566899605981174 1.6864607769865367 1.5392679095291402 1.7218884455051662 1.6656741908792492 1.7841827045632344 1.6675683236708079 1.678283222723443 1.6744975805755504 1.6012958344800414 1.697955607512691 1.7329722141821435 1.6178839295516478 1.782991518235116 1.5386503573455192 1.6702466165695122
60 780 1.7835488303448022 0 0 1.5492949295673142 1.91571636032693 1.7774534669352033 1.7581640212270226 1.8283814049451799 1.7885567853065285 1.3897275989781135 2.8271953792546425 2.092720500196532 1.900907204823868 1.8413908346463435 1.6604296753923682 1.8581332919773497 1.7813851424027662 1.9185467472392586 1.7915934702197511 1.8142331305296064 1.792608910018566 1.712760385021763 1.8205282490748218 1.8492228938717097 1.757707158863986 1.917007708481636 1.6536029396800418 1.8047638333926754
61 793 1.8970778285465424 0 0 1.646924060371764 2.038022021585134 1.88294227644036 1.8699986314673118 1.9449924655060011 1.8894655884087121 1.4707808145283945 3.0062622519217688 2.243686783962531 2.051140950106951 1.9712851216604235 1.7673980786490324 1.9991589298726706 1.8942143319900748 2.03223943732582 1.897408167219077 1.931575796868939 1.9042742152811605 1.8454040022066265 1.925507781583605 1.9603486368143046 1.8725377091466249 2.039275031324861 1.759846642711738 1.9017747903715159
62 806 1.9691701278099902 0 0 1.7030371323148568 2.108576425256917 1.9514167225852153 1.9500813398841563 2.0200307503695893 1.9521887596029222 1.5173224432966892 3.1136609060942666 2.348948700597302 2.144413950397418 2.0527512777761885 1.833980537861763 2.07698389704115 1.964353870815236 2.100430033188524 1.9683611683989557 2.0033759743463713 1.9771776632771403 1.9396494872511536 1.9930487297110695 2.029183913560602 1.9445075195752997 2.090383136937487 1.84751303449064 1.975744285749196
63 819 2.045789114077723 0 0 1.7683807858757277 2.193505975572263 2.031536531706234 2.0316640934979806 2.0918822508462096 2.033837252649318 1.5654020594137377 3.2293891521827365 2.4834854721417674 2.2255063443662646 2.1231051208893006 1.9002794861633512 2.1575500533363665 2.0430882805061987 2.1861224023679697 2.0426264535254584 2.0693164166731144 2.0478348788738026 2.0361850822065555 2.095423540169555 2.099199845164324 2.0166188743911397 2.1692179900008273 1.9219569928382445 2.0538677170704687
64 832 2.1201892498198625 0 0 1.82811645327084 2.269983266917083 2.0945166456006348 2.1274816680813085 2.1751690374893253 2.0971871580020975 1.6058344188742346 3.3420657997902734 2.6094896059389145 2.311680281289185 2.2032813523014827 1.9695936199770745 2.2420217681603347 2.1163914812313624 2.2677163687598445 2.1176691654156867 2.1211172130775378 2.127779239955256 2.1368483524861728 2.169407887527833 2.1756458588345544 2.095495378825315 2.258699782787947 1.9778393181719818 2.1371991036187623
65 845 2.210379332930216 0 0 1.9032930647707054 2.366403755561465 2.176446166361794 2.2442664982067053 2.2664787398480675 2.187263502012436 1.6675613017400992 3.4577515779720405 2.757769048448118 2.4086156876223086 2.276494676553535 2.0855394898357997 2.349870435829221 2.2019035989246203 2.359805189872532 2.209408583014146 2.2124772636514303 2.233899598357376 2.241781687570776 2.267409993328978 2.2658202259310998 2.1694288916628466 2.3525098771204567 2.0589217796221186 2.2378587274594235
66 858 2.2284571178559878 0 0 1.8834616276689535 2.384514495908207 2.1857308322206834 2.287199273069903 2.2861290782032655 2.199048520501421 1.6769900963080344 3.454242312748172 2.79889999034233 2.428952543496334 2.2851321441585637 2.110387296697142 2.369008135396097 2.2385574272858775 2.3789294383151893 2.2326261238333838 2.2178916698618822 2.2722015604199557 2.26986539743309 2.281528343091077 2.2713180337217853 2.2028369940382775 2.3542702145109256 2.070574802689554 2.262861216271303
67 871 2.275246500584197 0 0 1.9104048612535487 2.435642396917662 2.228585455848351 2.3613510458629405 2.3256573299176435 2.251497523515929 1.7099300712514476 3.4904260962143567 2.8823644858552795 2.486870243275186 2.3312432785126918 2.169624390361974 2.419918612516832 2.271054867878983 2.4263759959336193 2.279686810041913 2.26534997292693 2.3266904958754453 2.3039597423434 2.334143536469728 2.302726410517184 2.2476569818837273 2.420715638891804 2.1106340813593434 2.3177765208636103
68 884 2.3336401405467337 0 0 1.954977171573516 2.4938862786796756 2.2813331265223797 2.4401491790381664 2.4195964704324 2.3087446338359943 1.7332977645161594 3.5655758973314984 2.9755834708344535 2.582912977752553 2.392254198173232 2.22835879814181 2.482864361081939 2.3318929602245615 2.4790652613231634 2.3279627939934953 2.3184150658263833 2.3848269905161534 2.359176263171878 2.388086335040681 2.3542830105423214 2.309978415125936 2.500274414775096 2.17767628698716 2.3750082125699623
69 897 2.399530244749408 0 0 2.0057581917900813 2.5563701248646438 2.346783153527558 2.5443732529127265 2.5000182507549082 2.361617874484257 1.7548135581774018 3.661763322963524 3.1084655739608844 2.661132985202176 2.460311294718813 2.279654255119257 2.5513608254404123 2.401451602238374 2.5443512978721725 2.3924847827782845 2.3755432073766367 2.45791972387589 2.435778950256789 2.485607689228067 2.4162596055291408 2.3733885602634284 2.5807030155668516 2.2382559938631275 2.437213341350759
70 910 2.5188530287295983 0 0 2.098850687288667 2.672747191128313 2.472937978623511 2.7149244723030725 2.6278999815653252 2.487276702889996 1.8445936601870245 3.8104892217955153 3.356503192817007 2.8064469430132006 2.587564417573618 2.39167742481979 2.682691230979901 2.5231357008346222 2.6713612317530107 2.4979313513602737 2.4816276645965596 2.5825946582115407 2.5793078746356395 2.6247276989281443 2.5261464981954282 2.479694498483356 2.7038513311005206 2.347819908558217 2.5487380905466384
71 923 2.6590557401426462 0 0 2.1996465436129893 2.8287336767246667 2.625544523402206 2.8701722722490164 2.7780673894433257 2.6168786608623043 1.9804091379377688 4.0209825147192655 3.567987620060359 2.970319150596938 2.742968854023784 2.515130021871635 2.8225456793069776 2.669298715805826 2.828792331071765 2.6283905039934807 2.6115923124268576 2.7341495477039937 2.7249525947966156 2.7712174226758086 2.659190743068497 2.6339697354058615 2.881173596333847 2.5068992857154986 2.6959599870717956
72 936 2.817520645895067 0 0 2.330086990140557 2.9833711999619146 2.8395687270094747 3.0318906380426336 2.9559833971967704 2.7731333415325468 2.1047209016299013 4.209831194914429 3.8209574895388014 3.162536097527927 2.9098422148110332 2.681336072923981 3.0079566082740876 2.834605701515886 2.9930849226883236 2.7776608289205513 2.7749675757929992 2.9022152864068858 2.902184133041834 2.9401575026240194 2.8275740673217524 2.7560574244548874 3.0576597022932788 2.664799496316185 2.8634905734010885
73 949 2.958079145752063 0 0 2.4379059854769394 3.1382771931353695 3.0028254805007943 3.181289446078722 3.1245550480553863 2.8874850604614233 2.203811333112003 4.411832006317139 4.060122314953862 3.3320924526225695 3.044710821393852 2.828841338857123 3.172945311537462 2.965415695025567 3.1420370896561796 2.9332258747439908 2.9021362924920298 3.0430051996299987 3.063170435659789 3.124158530197967 2.9855879192107038 2.9005817160896217 3.2158024828134546 2.7820544052427465 3.004112924214988
74 962 3.0284424420132914 0 0 2.4879135614864927 3.2173329465322933 3.104361205290573 3.2672211586680953 3.195813063305607 2.9595693366505196 2.2396804691098495 4.477838709076096 4.149256108715967 3.4054704898857855 3.126560430993319 2.8969340425552503 3.2328689108699997 3.0178706515972467 3.2084185652891493 2.985786395513443 2.9800907215215497 3.1154533487899174 3.136474230788889 3.2089688809034014 3.0520492732 2.9866748921658783 3.291036723146249 2.8445788220259765 3.0895675062173744
75 975 3.138550480029692 0 0 2.573557221540841 3.329407939495552 3.2258744819728906 3.3755316440457146 3.3184869824835137 3.0747023891394036 2.3204342443278594 4.6312016921169565 4.402263613263985 3.5451225885952242 3.2360895565616983 2.9955634760636367 3.343733746819477 3.1065147768941395 3.307501321008218 3.079336020694902 3.0942961280703445 3.2318353088702354 3.2449134772320853 3.3261599845086622 3.169457627319345 3.0906529036720216 3.4373278876365534 2.9645811126912687 3.2145813679269866
