% # columns="iteration, evaluation, void, void, void, xmean", seed=596332, Fri Nov  1 18:21:15 2024, <python>{}</python> # scaling_of_variables: 1, typical_x: 0
1 13 0 0 0 13.550050906699616 228.9568865847371 166.9046829264079 234.74352262211477 259.314397597034 41.48299105762327 24.759044265662485 28.758809278293928 99.43711636396135 18.64906717809555 181.91291247889282 89.14560112822986 210.43079946521834 132.89085016727765 113.08514404594187 146.41261459531853 86.59370277460113 122.95997261914974 82.36672946289269 203.7433162654384 78.54676627056236 40.612961747099135 220.41230122172806 224.38478621167926 57.75260323603071
2 26 0 0 0 13.410951940746891 228.8970683521184 167.15768632452387 234.7260192416162 259.15495757138353 41.392171659868524 24.360286120284197 28.420949431231808 99.45845658538938 18.901368124743385 181.67768676019148 88.9467620605524 210.4513486680017 133.29554413061211 112.59755825407143 146.31654503688063 86.93649609072696 122.8071197999904 82.25166275903031 203.90161356455755 78.27220777115538 40.23975286606552 220.17615518406006 224.272741966382 57.41941674460836
3 39 0 0 0 13.174754023898243 228.86215486968894 167.24699685870786 235.19341150693987 258.94002689381546 41.34416295837151 24.006398429337473 28.385693733133454 99.31863518023619 19.150085841180402 181.81948711266145 89.07182755852655 210.5289799607015 133.64460889421946 112.82206108090988 146.36473829105765 86.94215516679606 122.7017843234001 82.326569493401 204.2319998768491 78.44425632248463 40.21288701937073 220.10739045937794 224.16372864643037 57.444210459099125
4 52 0 0 0 12.518111861866386 228.8534656795311 167.01906358832252 235.37795784687708 258.6128951331064 41.13192122725776 23.712224876118555 28.27389176150426 99.28495936107603 19.352162581689722 181.62480283709564 89.08172227387928 210.51779375197066 133.9458512134006 112.90950506571649 146.82760849446805 87.06810714602543 122.82715040377441 81.89740263890141 204.1559253729047 78.20322563977022 40.38347221822432 220.00393136931257 224.15683638469434 57.62926768048945
5 65 0 0 0 12.492001529062701 228.6180387352607 166.7872538147738 234.93459654075835 258.65868683854956 41.306255249034315 23.01427815092509 27.83468579932196 99.24556576516035 19.282999261458997 181.8366348346086 89.24519855196786 210.60401416189424 134.1931448557986 113.23647492663517 146.33513312423096 86.87175198762145 123.24707914960835 82.06333862961657 204.09175855547684 77.88871050877279 40.48919491098706 220.14441412133817 224.20617754880416 57.48948209721062
6 78 0 0 0 12.610250177408277 228.90621423435894 166.97996741651522 235.05500297457462 258.469185307271 41.20312676551771 22.93060537836279 27.600302358862344 99.08637734695641 18.99275759664514 181.5419382545678 89.26979148623099 210.55008228770092 134.64131475730244 113.30309882771013 146.4659038945102 86.58278114675812 123.12672257638087 82.12490412382475 204.00084062197269 77.4993123648118 40.057771524235974 219.92948203909083 224.04164190966054 57.95268858152804
7 91 0 0 0 12.497445387378065 228.94938363739197 166.52341877429444 234.39867184172726 258.64655623882675 40.8047034800678 22.692815519059447 27.235289788151572 99.33805395568562 18.728349325639222 181.1739023146316 89.55140634746431 210.70141299486963 134.69701809394522 113.36861176508785 146.22470754144823 86.24795675756567 123.18501123291713 82.28286556516338 204.0946548597774 77.37251279146538 40.37934239390678 219.70432059326612 224.2343557037197 58.131780348403076
8 104 0 0 0 12.58479548666785 229.0465814255065 166.5379466930099 234.4293853127842 258.4675863436139 40.623259407371926 22.56361448089143 26.865284737050633 99.39964060031201 18.854237937001965 180.96538779831906 89.59662347262042 210.33219828493534 134.99111522955627 113.43756302544219 146.53355201988722 85.72694969844623 123.29935413224713 82.91543347123914 203.75228398721154 77.98798913870175 40.03387358445096 219.5815043872229 224.56321807568014 58.157239449272254
9 117 0 0 0 12.312287959788632 229.7837161031779 166.5894649431351 234.51750846973079 258.33412880586786 40.76146734135821 22.59214627909328 26.61785892628263 99.48884429220156 19.05579857117493 180.73524797266668 89.49996559294834 209.94754503773228 135.2463318677481 113.46340653100818 146.55343996539892 85.21252079723749 123.01373452066306 82.8584626870197 203.4946865877766 78.31200381461568 39.6285935933418 219.51700511219406 224.25438074292845 58.50667025257365
10 130 0 0 0 12.48016344874945 229.80897024776363 166.94592215770757 234.92922512604116 258.1980696421507 40.04174833635335 22.496170827545445 26.006664150236613 99.35660677825516 18.55114815134582 180.11718646220916 89.63787491567818 210.50334151658967 134.95956336617036 113.97668259699459 146.15276989491318 85.07550756679123 123.25273786888287 82.75878770342334 203.4242888654168 78.09035424876389 39.34541410095282 219.31236055099652 224.2746769525647 57.70632341534826
11 143 0 0 0 12.414414992110267 229.9050482201587 166.76258985205112 235.5860952738301 258.57286749178985 40.37436110306984 22.68319980081889 26.261604486942094 98.80062078270028 18.904854615506103 180.64372251557552 89.6436647854139 210.535978280054 134.74666136849697 114.4104431633059 145.81391587785038 84.97381728943203 123.41389131253182 82.2971834501151 202.91588337589434 77.99081555096771 39.75876597939927 220.0269462220169 224.7979407136508 57.601953228414565
12 156 0 0 0 12.630105653390999 229.95764654252687 166.11959826505526 235.4293051341506 258.8685199407796 39.84007197775821 22.700510151797644 25.69724742649183 98.61331122977799 19.109491512320176 180.52696964897086 89.04304516057314 210.97800196449435 133.9334475617827 114.66089119445755 145.20533257778587 85.61296061332676 123.51522501809868 82.40652437146288 202.97487739435908 77.8493469396669 39.42250554926704 219.99595331775217 224.85933732145506 57.09160722370839
13 169 0 0 0 12.624572846319472 230.4255199904993 166.05935901579682 235.5602202777391 258.6764483817314 39.70989469776998 22.43641620027011 24.984641874389382 98.51863836752388 18.837660493060866 180.33805008885034 89.27093177922197 210.4345419658606 133.97045950753457 115.2001294338736 145.33401080755877 85.32646387263942 123.99008092182903 82.46622628925763 202.540207441246 77.93093717592122 38.71089484218127 220.1779159009612 224.3613427676565 56.903294520043005
14 182 0 0 0 12.594630253218195 230.27270355907095 166.02292916686744 235.6107028873324 258.9215313948359 39.36915577922583 22.7385147046533 24.925865722905876 97.93884145196931 19.017394113139325 180.6682739537163 89.1145823464058 210.10565459038708 133.77208612774356 115.09656604343851 145.02293899865504 85.8217392221462 124.62156334218969 82.7431809949696 201.93466155922061 77.17369008618462 38.7043073686619 220.28257764273386 225.16511700296996 56.84535076850921
15 195 0 0 0 12.582585932392288 229.74270717711565 166.28934705034223 235.38276110047076 259.60421131350483 39.823704974133015 22.714439646379766 24.17881751233913 97.50549093346811 19.4878713140738 180.2604802147922 89.30939654513385 209.83328381697254 133.50129002794057 115.44553566071633 145.67511715357455 85.99074990155133 125.57460273629862 82.90623791338861 201.68893178680634 77.38719066312821 38.721859467082496 220.4942721481 225.50842551840577 57.622422000768815
16 208 0 0 0 12.367313543538009 229.9395669623567 166.60694465170806 235.752697405925 260.10088974221645 39.44528979722538 22.789560281796035 23.121720454260995 97.35406429263637 19.450075567028303 180.1371346008974 89.28491485781082 209.62767119552623 133.75530187491364 115.845419167258 145.49374894531954 85.63703458000907 126.08535283309998 83.04179846213053 202.0901460555516 76.76337618656463 38.51575276353775 220.13034072899433 225.71534996120454 57.44839187668333
17 221 0 0 0 12.179603134258217 229.95356827767105 165.8667103980562 235.4985147469178 260.5074667906479 39.483863527907126 22.549880596199444 22.968240325467807 97.10048965819502 19.399033894620715 179.8966134200748 90.02479795059071 209.44414163524726 134.76585180559974 115.39649515191483 145.34347509451368 86.24502228694777 125.71493938081122 82.82244971462673 201.90148714764183 76.07729940433791 39.16490990625807 220.79250734947817 225.73852311696248 57.04648891939972
18 234 0 0 0 12.243558884605472 230.65051629002082 165.65374263200084 235.67160110536238 260.6697137139979 39.52357885637797 22.520790529579074 22.039112318250936 97.61814753136268 19.84585394915829 179.60974966070387 90.23836586159995 209.5496540508007 134.63298299015787 116.19896557762584 144.97061925497155 86.33810785064794 125.3371468784648 82.41643094385505 202.11459494181773 75.6142147815591 38.98305200249246 221.33702066410643 226.44878985897031 56.821937364423555
19 247 0 0 0 11.768183754236551 229.87603692583002 164.84024824789768 235.116679430777 260.9577368235622 40.31374558534883 22.624925106450938 21.500019137415908 97.11589415432148 19.935631640017778 179.0771203003265 90.17010118650201 209.08061051703194 135.07357610111833 117.3587018410064 144.96068040609043 86.7561206143632 126.58684384380055 82.246324231782 202.94458398597183 75.3937740160288 39.51653739670071 221.06375141229216 225.99531300219272 56.57578868809417
20 260 0 0 0 12.044466890720072 230.1800086768755 164.33374000592994 235.78224007674484 260.6794440072079 40.66469981205244 22.491589030754536 21.14010132371062 97.15992623135179 20.1171211889209 178.867307373105 90.64230595502262 208.52009400929322 135.02147739058805 117.21535875764722 145.87205359615746 86.67639366260619 126.71587371925723 81.52715215115218 202.81978832131284 75.33511708424568 39.34232580284036 220.3461948409798 225.84426864287303 56.83729518071572
21 273 0 0 0 12.04163782186669 231.07189717545873 163.9840082620956 235.97281535128718 260.4391374241151 40.76164165231695 22.323670558947626 20.707143922694158 96.99464537275911 20.05465425749143 178.57862921889503 91.19579068746356 208.5433342964908 135.11853481267505 117.18426332230234 145.77493110863998 85.25072753481633 126.73322940237102 80.80496545985262 201.25844868133726 74.89684001612024 39.91968791014249 220.99493691503204 225.82928586923487 57.10769144694679
22 286 0 0 0 12.37639692220229 230.88346078371617 164.46997266116043 236.11531297949355 260.80222798763685 40.76956939812487 22.45095578006744 21.413175358587157 96.68678994743793 18.94714547941889 178.5860555855551 91.5609440891917 207.60935124544574 135.96872945444903 117.05065558530893 146.3573932872727 84.9667569807612 127.29788173453818 80.6646476153751 201.8542322387692 74.66474662791519 40.63130887614068 221.7828953432003 225.90824618461303 56.92570653430509
23 299 0 0 0 12.262733903287394 231.68271058768 163.50034603079325 236.5704943295092 261.85141341399145 40.85912239251352 22.54709085397799 20.753082716164265 96.04501589363844 18.204767189619755 178.44323654558534 90.81011766590863 207.28007066780145 135.634739205815 117.83464539347968 146.04968163130036 84.68055520843859 127.44212237785288 79.91580724632588 201.83504326519014 74.61884714383038 40.439426466935004 222.12688721843995 224.94411420220047 56.4913738292302
24 312 0 0 0 11.261436908734973 232.2378317705539 163.77267945549013 236.67943752648307 261.3926561705743 39.76604043302511 22.856005537758804 20.126809109791367 96.0337150938906 18.844899833488086 178.55518905651041 90.53602972536203 206.78529060641108 135.18743211841243 117.35750939512138 147.26263638563185 85.33697289125675 126.52640332742249 80.42423645296041 201.30792232350905 74.58015062179894 39.98713003059828 221.6358940004087 225.7549283404501 56.31356841032757
25 325 0 0 0 11.072390294610987 232.87419718382685 163.5955002533961 236.99228336449167 260.9245088823919 40.05600178703144 22.41571651119472 18.725010473890407 95.69123945088826 17.33980155002917 178.90318540463207 90.4016427146005 206.8710781677866 136.06067756401316 116.79288805167042 147.36433078189185 84.41429588331918 126.29563719088893 79.56870502383383 202.07491442329496 74.54720950057495 39.30465441184995 222.1968648899757 225.98480809211503 56.632302485254804
26 338 0 0 0 10.098997350920841 232.75779389029515 165.36341188927605 236.64766480109174 260.4051582045835 40.18127050617279 22.523930965458135 18.682628363604685 96.11010375150964 16.59403293719354 177.78731421775169 89.7902550314924 206.73122914512538 136.34846777522029 116.21556497296288 147.5288551536509 84.32930468273943 126.31779517081975 79.9738998900831 202.76023983444884 75.05114053383684 39.40013580289045 222.6396570906074 225.762708153445 57.223889401154665
27 351 0 0 0 10.559641738159655 231.63707174892093 164.9101900154541 237.20698301657092 260.38412548624177 38.726124651843065 22.553474165421232 17.965281604969903 96.55069654583482 16.739030780359222 177.3110085431875 89.60596967217764 206.35173205735796 136.06639131728508 116.33433130504673 148.11900994099597 83.97499838785902 125.01256069836974 80.46357632637992 201.70849689290253 75.66302712091358 39.077731026928 223.66016729346168 225.16033475820075 56.2917303990702
28 364 0 0 0 11.672129040472086 230.61168583908432 164.58630018965306 237.24010713521068 259.7526712186253 39.23729952796757 22.499794361989487 16.818411916362116 96.94226773590381 16.68580664789859 177.74299705082487 89.53608088904198 206.3254349075081 135.81713862142712 116.4856182935843 148.2791908866317 83.05372625184759 124.41735515157693 79.4604617028589 203.7560967075319 76.02661788487436 39.79455867608759 223.69734780684757 225.74252986564812 55.68798572134557
29 377 0 0 0 11.08743186476975 229.74108233258295 164.8603092367071 237.68718437052055 258.6509864651886 40.04434141270136 22.400631641566665 16.702054364572028 96.69024308891748 16.678436618580534 177.15721612542862 90.29528907991768 205.34185614952236 136.2762738880455 116.51693665267521 149.02686616638312 83.38240800910896 124.59946001884133 78.94799943432886 203.14785530832117 75.6553668011653 40.45173626856994 224.06111062157836 225.7728113030575 55.116284458035835
30 390 0 0 0 11.215899798275554 229.19161669134348 164.7265790924364 236.80081261156914 257.4011262314396 39.04948532130227 22.330908542357903 17.551352105757612 98.03586200815302 16.32754449218278 177.74927725556847 90.08183976048163 204.76287716261228 136.25384514886838 116.26754548578279 148.28235183099832 83.4341697781039 124.37712444220682 78.4207174777325 203.11063583119304 76.04963209474096 40.25632996026342 224.72538230779813 225.24880935393344 55.76190341717561
31 403 0 0 0 11.259126087547216 230.39184145496017 164.88985052665043 237.503083319032 258.3490625107364 40.15499615809114 22.304350635259105 16.311015423650193 97.54472810748277 15.946330051489781 177.18571170685897 91.13891056760136 205.18669183621537 136.8108386883425 116.75643158158215 147.9785863878334 82.94064882662457 123.60924961790796 78.49332470241275 203.1074135217072 75.35560774530788 40.21390281567092 224.69283314226593 225.7105005246995 57.22576649099813
32 416 0 0 0 11.177623277985091 230.7349826420433 163.60489144439651 236.58022879037824 258.28795246899796 40.009500578665104 22.63186089753005 15.169428667233763 97.36905623386008 16.124833043899066 177.32842953541 91.08125663807658 204.63010964563856 136.82324484565854 117.01354488431478 147.01099450147348 82.99459760536467 123.1390205909428 78.60369609483526 203.25285131097127 76.74953492413266 40.54255430065278 225.42992117132474 225.81453138342005 56.0921094546315
33 429 0 0 0 11.368037960509476 229.68335430771774 162.61674014553515 237.01045403011892 257.1399350813448 39.47778431215431 22.714228188422716 14.091697610341988 96.9369595900651 15.629406237014976 175.94341553458403 90.82664594807392 203.81937311400077 136.85473303266335 118.03865258618075 147.25764391001601 82.9667144397048 123.53348029972953 76.88050010237512 202.36819461679423 75.30993254210722 40.13785133018386 226.24180143656403 226.21935067311117 55.67325290976036
34 442 0 0 0 10.906029967932152 229.26299449022807 162.5425458614881 237.8017228620285 256.61819694896224 39.4826743642396 22.65001575927754 12.824187718216645 96.67931081326492 15.468874832054073 175.01527359924066 90.72629896541127 203.68574418743924 137.63281402787513 118.15198066888391 148.39107979334068 82.79472824591923 123.81414996682194 76.80750863890849 201.38454500354038 74.67976027696463 40.07310904779177 226.90445126817735 225.73544460342745 55.07053986149239
35 455 0 0 0 9.899048399608073 229.21574565891737 163.5068231934154 237.179296259987 255.99022197777683 39.408751745122586 22.371311357356547 12.230979137091028 96.02211809952387 14.78119124377196 174.79267754149234 90.84316358878061 204.1411719606716 137.82855544327964 118.06303660856395 147.71759421315602 82.85420446029468 124.39540176508201 77.44107893738315 202.1213665890203 74.838922698506 40.62439046683288 226.60699228094126 227.35869537845468 54.98351826735197
36 468 0 0 0 9.657922182219536 229.04875956479 163.18897506827676 237.22184890795202 255.62979694565547 39.76051149288076 22.41914946129181 10.53880056279225 95.6304072921314 14.935973000938706 174.83125503871346 91.66314430502948 204.08218925601577 137.71239413800078 118.27704642198205 148.69071989713697 83.06143423862682 123.6583027971208 77.41709786368536 201.40331453047537 74.23644371819978 40.080409589622164 227.13268174715003 227.1223494443122 55.76887883506576
37 481 0 0 0 8.99144321847926 228.92792688092214 162.58318726023398 235.6634262677875 255.3687871424163 39.34979988277496 22.28470414390609 10.394516261199177 94.62924897528231 14.193619668481599 174.57885682456495 91.13553536878061 204.06489847992935 138.66372787176033 118.45045893737984 148.50899726264697 84.03969776052448 123.62781570848759 78.05780170092852 201.89711843031887 73.91943959349805 40.10454965103512 228.67191668037856 226.7353639646987 55.86154602167354
38 494 0 0 0 8.071258981429612 229.58324801948638 162.89744042495104 235.3202501098454 254.7897684790238 39.955090648795505 22.582079441393624 9.244008850465702 93.24480605748677 13.877885637422395 174.89860660914204 90.6398892655744 203.27475928462084 137.95956562031745 119.35532660947038 148.93051973467757 85.22833168175627 124.75286171481002 77.91223424274986 203.51593563384014 74.84351953637645 39.2019392202878 229.28974116304673 226.79038307951163 55.73367480158259
39 507 0 0 0 8.114439685325474 228.12297970249298 161.27206256508964 236.3704589587855 254.92485582455117 40.22275888691658 22.467885945724404 9.11046613030029 92.6776957583254 12.801746179406138 174.52363752366597 90.61267297511705 203.24962526626794 139.01979544220129 119.04273528220526 147.6896047481242 85.03606568515406 124.48049696142897 77.3506545808538 204.17183987925162 76.06483844474502 39.80711736273917 228.70371656788527 225.78771853012435 54.92175840514176
40 520 0 0 0 7.3279661047843 228.9090383250373 161.59636489582954 235.9312336329018 254.78193104622434 39.51569618798272 22.189665151193203 7.294178452697111 91.89264457054631 14.05592232223375 174.64766653035227 91.79187171827513 203.71336981376317 139.39015783363064 119.27967063339054 147.84490660202414 86.24127629723648 124.94487283079683 76.39946632288192 203.29023362572758 75.4923652017442 40.418487325159475 229.351255237583 225.64006343232933 54.490268325404024
41 533 0 0 0 6.6652724675318105 229.2766554562467 161.8298670517322 236.2219415039068 255.65172968106927 38.630711036050464 21.994937518454034 5.153840573662548 92.22721322933167 12.883182252068584 174.34853728524203 91.8957652978715 203.25251770369485 138.71720075835646 121.01174781570214 147.4686481501648 86.7666430208356 126.2881884699438 77.85966959950608 203.27894329965025 76.52294478204472 40.32324818611545 229.4236943169145 224.86453884719697 53.697959045877035
42 546 0 0 0 7.194940858351371 230.4668387087981 161.63945419766858 235.73591013047803 254.3478882200534 37.84577985338038 21.975536046216625 4.758003154113023 92.45092113266882 12.86370045276754 174.7590275285769 91.41711872556199 204.78541242677304 139.28082716669797 119.88714710685583 148.2470113331444 87.65216981924235 125.97434592876021 77.76793802371733 202.79871404050795 77.30081006112474 40.26687405207132 230.59328603955066 223.28776015378426 53.365720501692316
43 559 0 0 0 7.134492539424059 231.81144886107728 161.54055126785494 235.5797241823283 253.75415410369692 36.86946527002041 22.4941525424475 2.2314242695585644 90.35419648249373 12.95948867542388 175.56640416146757 91.93236456643326 204.79300364625044 138.71280464026506 119.51463266530612 146.65425294438342 87.07419138784897 126.96381419337573 78.62337011263214 202.10900423047536 76.4050035188097 39.30695491030267 229.53636191974624 224.6290245465544 53.04988432927123
44 572 0 0 0 6.56396821551702 231.80789247984956 159.59825114201914 235.2501994424432 252.75498952377492 37.798014168732465 22.311984062836984 1.0453434890132811 90.04547567854587 11.860541225677313 174.6640944418577 91.27295761845744 205.84030698497034 140.11062497299693 119.28973661768362 146.66537217350563 87.70730560729605 126.58484497465562 78.81014479905049 202.96225012758686 76.41991796099525 38.77596770154859 230.6446596497403 225.68620775043271 52.31557366439467
45 585 0 0 0 7.469839545070665 233.30932656592762 158.12131926181283 234.54932442599872 252.4822518853683 38.69166474088646 22.27832117920903 1.1064238886861417 89.82319323006693 12.444548361568874 175.34571889811275 91.13960799779147 207.26184923035436 140.7346339854839 119.98641356040002 146.54825707513004 88.77400432686072 125.61108504172415 78.80139167598651 202.64024214260155 74.26712864550112 38.64815151867814 229.29397404948998 224.6381195258021 53.93436512193071
46 598 0 0 0 7.213098379118411 234.50450908665673 156.0482161977773 235.1137220179875 253.27505843560198 37.81425641865124 22.061794252951493 -0.03330583906217677 89.78666410486412 12.997352657193165 174.12673647162563 90.89189071780383 208.66285475830156 140.88926326848232 121.57452312513195 145.51357628958937 87.26752408411068 126.31126210620938 78.48701140348311 201.82847577607353 73.82864112035251 38.25156814983324 228.3392086656753 225.25935127151678 54.10400689724979
47 611 0 0 0 7.53757184003932 235.19031056362027 157.66629905978476 235.58412194654002 254.56638895523798 38.7080809865018 22.03741805536401 2.0614412276440923 88.31612809169503 13.340562353573329 173.9522858197631 90.04148974292801 208.12740219432726 140.6139844412707 119.91809661189635 146.91295221918432 88.18752069886834 125.72331168263682 78.51135214450207 201.52265832300586 74.33483440753277 39.226793653819456 227.49548210807862 224.7079382919762 54.65644260588406
48 624 0 0 0 7.358071990004741 235.55728153429985 158.06165960841003 233.89569672832565 255.44711335247644 38.41163035023049 22.024110938470777 2.925885352806658 87.80649426072 13.617024241422767 173.793565228288 90.02242667021355 208.4862977160533 139.25430169920676 121.76622565165756 147.0736362572196 88.86333388844818 127.52827725693194 79.13538087024746 201.45660666696688 73.16846261368241 39.630419274284606 227.90761132149072 225.7272922720187 52.90449657862273
49 637 0 0 0 6.01307273345591 236.20787511458585 158.73981219964162 234.90806872338655 255.85606236347581 37.73281082934577 22.503894127524795 1.907545572470016 86.50944577849612 14.827195924830484 174.22579078085886 89.85233410369985 208.5667680540585 140.22235029652805 122.10035909599887 146.08571969835512 90.39007237977086 126.60167936415019 78.1617233606802 200.76297629916058 72.62353627669825 38.847732156984954 228.80292216263234 224.7902207320871 52.283540639723284
50 650 0 0 0 6.054704644978678 235.75536525125574 159.07585971274833 235.91879568157583 256.1107369715965 37.940783197308335 21.950092633354867 1.4046890139605914 87.007221776329 14.776222521383158 175.1518039651059 89.9448625784978 206.84819858661754 140.4171943975779 120.16182849841513 147.54236885481666 90.03774541132798 125.63325852875816 78.69637299339033 202.091526916517 73.61689731190205 39.4113259466495 229.58973254529386 226.23548679344424 51.968161282983615
51 663 0 0 0 5.227882583929121 235.2432267711949 159.4267049121061 236.16923069989397 256.3758848762735 38.066138038939606 22.40350010729877 1.5294520048207083 86.12009931834348 13.99130115166224 175.26508568014614 91.00948995563625 206.87840205625577 140.09971146271099 123.0173864510094 148.4474579848833 89.79888632200228 125.65373524620826 76.82523283855272 202.1096939951492 72.94769789764999 40.69607445946914 231.23638743493052 226.0030546435712 53.305893309786164
52 676 0 0 0 4.033646990453544 235.24756216033828 158.52553955876465 236.33327861695102 257.6625830317364 38.778565115119655 22.336262384363092 -1.1397456887413346 85.25161824040072 13.441380861861619 174.10022915934857 89.5360122396557 205.8266774790558 141.3278971423374 122.80901408088224 147.38891981263518 89.65267693964455 126.96026536442996 77.18438917601405 203.78540360830254 73.12308796334327 40.646315406621746 229.96804868371828 226.03241143182714 52.93035080693942
53 689 0 0 0 3.649075963071785 232.87985579149336 160.06392468337222 234.41838939116744 258.43869678912927 40.01224843488093 22.081790368473385 0.5092003882569 85.0357300499136 14.051727528366092 174.43608648074766 89.2157724796352 207.03208600295773 139.97304913790558 121.71931352339651 146.6539078089714 89.70993633766444 127.04967775908572 77.45346474139865 203.82691091345077 72.33796671164842 40.501049690411804 229.62439582968958 226.19380751828504 51.574412948791654
54 702 0 0 0 4.3816936971650975 233.07605627289146 159.67629178330662 234.1187989230517 258.1396278879233 40.49131613473439 22.27805420017213 -0.99693919086364 83.51937722258253 14.426541580902912 173.73376303844577 89.56864636352353 206.35134381451255 140.75602847835103 121.73689028170091 146.74908073249853 90.0935232874457 126.82609390140428 78.9490656272946 204.15469845492223 71.06914207859589 40.25911576606618 229.8840431561853 227.1349388516556 51.90154902523086
55 715 0 0 0 4.475794948975782 233.1163975816936 159.81698944889104 233.63630632899898 258.00246234062297 40.24601643162552 21.98587134151042 -0.9446594953890532 82.31518647592215 13.633786263340534 174.55192068175234 89.58006065210478 205.76827320561182 141.5435762937702 121.46530696911685 146.23118086580766 88.92683157312996 126.92392983399881 79.08027581740585 203.84895514869555 70.78861664385 40.19854496379916 229.63781668496495 227.27271560669922 50.57850021449365
56 728 0 0 0 5.43405128019739 234.2841979046823 159.50962647533734 233.03820705404513 258.4502763217803 39.65863094654962 22.056319478296373 0.5423279215290644 81.79293537365025 12.91630391661396 174.35298116456755 89.62515788642763 206.62196108222594 140.68342630115492 121.28762846234612 145.7902059791784 88.02043075722887 128.7422292000948 79.78663262549982 204.01955379920503 70.4588536574579 41.79737790035341 229.14232122089862 227.7374803667112 52.072210239957066
57 741 0 0 0 5.503222754466128 232.5098548021828 160.16458386798723 232.3236564304348 257.61334354593373 40.633055486830315 22.216303893615045 1.092512567294032 83.38238258537595 12.381823225271825 173.19324782837424 88.40486422084243 206.3150707839747 140.40069970423573 119.77439967449153 146.17473213101266 89.20614319807113 127.70708608758915 79.41047462100335 205.15062384960035 69.33359127271709 42.738518731182 229.0364986687405 227.17875811441655 53.59235560766014
58 754 0 0 0 4.994925677374713 231.70954999520387 159.82089916861366 231.97259414206593 256.489372327366 41.55983994441438 22.181608666775666 -0.8158723684658123 81.5189718656797 11.355605927076446 172.41004237435232 87.77230466842704 205.53757721175992 140.99577980040948 120.1136016017073 146.61041632414174 88.7504021359422 128.60664340954136 79.78763735933933 204.19648882110306 69.60167346934905 43.37178206037673 229.03366723457748 227.35729247282978 54.5160582498908
59 767 0 0 0 5.3542791708419015 229.93839933201156 161.20907165285675 231.99843091935668 256.7849583226907 39.35774939898911 22.12614424643764 -0.6990311274028613 81.79417779261631 11.28945262869695 171.31681288664524 88.23819341823369 205.37549951587977 140.75053450272355 120.60146224276413 146.12758402771954 87.92894093597243 127.89429755852737 80.55003750735493 202.94636019099087 68.97903211010623 43.19833444559115 230.15362848746335 227.27604181735737 55.19736009375534
60 780 0 0 0 4.215600061943913 228.5853636988788 162.44293567147974 231.17622953921548 256.1005246060492 39.99619464964028 22.222423575527543 -2.5938111910390025 80.07791304747808 9.788250782834504 169.58211780965385 87.2877876738541 206.50780461517712 141.1409965315949 118.8054442259881 145.6580686453866 88.44564141271975 128.78008604255578 79.81260972884566 202.30226599654216 69.0726481058469 44.43044256235736 230.48516499534344 225.96198699336017 56.13469032227414
61 793 0 0 0 3.3670146828747853 230.18174196912048 162.92059619126962 230.92807478916592 255.83801566312863 40.95621220940734 21.828164153778182 -2.3074129917823525 79.3125241222838 8.73481998725227 168.7530481760042 86.41763620767063 208.988145705418 141.15414145732254 118.64235956491409 145.70616190660962 90.1809661724326 129.16845669576975 81.80127206499199 202.41818012688822 68.7063991743235 43.31904761789134 230.05745718144925 225.4295858474925 55.760751132490974
62 806 0 0 0 3.3608811407319914 230.04856388449102 163.28573326171633 230.59179747585384 256.57642072689197 41.138869664216024 21.654915559893126 -1.71255919733637 78.45784169944102 8.61925959386937 169.3159459737067 86.20202899524071 208.56135320558863 140.12682895654896 118.9545753300421 145.1027546519932 88.84503714365378 129.99449280212565 83.7958249944328 202.54777020257467 69.74980206862602 42.80840457166191 230.73681537320653 225.45715963632375 55.54129346093016
63 819 0 0 0 4.284067192898254 230.01161234558913 163.1168797972662 229.46579349406798 257.8100343791396 41.83512905880325 22.419774161326036 -1.1180845862999083 76.19530009379444 9.50899313392646 169.7720699729834 86.11415611493649 208.13304752206255 139.39312735746083 117.88480319898513 144.39849973770157 88.46680380338536 130.20346485513468 84.7142624256195 204.9191022802979 70.44432379163719 42.40652331550114 231.28295592999058 224.4979717618517 56.357926517534395
64 832 0 0 0 4.471418089848751 231.60171809164328 161.72992837297662 227.4051553042342 255.76806800879473 41.625953742686576 22.23795315771019 0.018799047231070856 74.82671147284685 10.236385420889839 172.03905027177086 85.78677657443092 209.02353310593867 141.1621506159291 117.67116127950902 143.99365840447413 87.52927044687856 130.3813780611246 85.31746525108882 205.47187417062287 70.17379437878695 40.556842618589386 230.6228386371438 225.6198707947201 58.093592526185475
65 845 0 0 0 5.337613411401351 230.89345852230534 161.43683657930836 226.64238728370933 255.4518979965759 41.180172011517335 21.74294875763581 1.4544756811947555 73.57798492567701 10.000970380326105 172.6159569562804 83.10617764335925 211.11858341939964 139.83100037034114 118.73233847209382 143.03251533628776 89.29476389755597 131.72568959978972 87.09767315293907 205.99148565317017 70.57114170903776 41.04226907047965 230.64288934040115 226.54165930441337 56.23391078166318
66 858 0 0 0 4.266586758611288 230.43126062146445 162.33720529723186 225.55281347945535 256.6540526624649 39.57309316450082 22.04296347171926 1.5576917183367003 74.28198932789272 9.836004553952279 172.52653646605916 84.90569034346414 209.83529646003382 137.1483257233342 118.37189393626818 144.84809301412295 88.87121911981448 132.9008829777392 86.15241616603967 205.58383325449674 71.26454704055097 40.45913945701741 231.0195197868647 225.97656858238034 54.63723393189867
67 871 0 0 0 3.6385552468817353 231.50068807086143 162.03893678892794 225.41394720837548 254.6996821530846 39.008500078299825 21.406376463266753 -0.36803573596773587 72.45856844417702 8.34765379095488 173.0011063561696 83.27079067332518 208.79546626309 137.29983580645447 117.54009005106342 145.7481137842664 88.02599386142289 132.63360217506215 86.7502807700091 206.75983792943455 70.51589989227475 40.95245214976266 233.63071278555606 226.28491601941306 53.43196809218508
68 884 0 0 0 3.994887499835441 231.26247089183187 163.61851400575145 224.9031324680668 252.1286309261392 38.9182823312043 21.55439842219768 -0.26012740747257757 71.86576098635751 6.947491864475222 172.775238208711 83.00311800725412 209.63311932567484 138.26842127557745 119.3085700473838 146.4263102014312 87.90923063657529 131.1024620644098 86.04780126296741 208.20300355904573 71.52694323738534 42.263721082179934 235.55341442852063 223.82259068151134 53.972057829169735
69 897 0 0 0 4.959192676484325 230.72382120270225 163.13771277795507 222.4532730749302 251.32426438727074 39.0750250005029 22.199677975803517 -1.2434754569449489 69.93977687632133 5.9354434287591396 173.16268686187084 83.41515926302655 210.86520209872043 136.05512768520273 118.27850742743168 145.19725123870066 88.97964234315425 133.19781276884385 86.18643932936669 208.92803316682023 71.44328653690026 42.01794129171661 235.03250957888244 223.96192896876659 54.532381746574636
70 910 0 0 0 4.63493827301238 229.93830947144485 165.6046912583989 220.3535675667315 252.18691497427085 39.272259418107105 20.314107613582753 -0.06526978684208132 65.80240706665914 4.315874909694647 172.19314582876726 83.44583932848937 210.50172913892467 134.98021937554608 117.4117506978665 145.2555316389431 88.93654332314915 133.6607838682859 87.81062783982227 208.2245314063825 71.0019153034101 43.35481009236575 236.17418691846498 223.96584821726088 54.67538483907422
71 923 0 0 0 4.112366860452596 231.83694320638344 166.59206236049346 222.2433999609704 252.34459026858514 39.49229463357746 17.03470338080029 0.6826358533384956 66.30051555968251 4.367758000748399 171.2293945442399 84.09415808130765 210.66148969366765 137.2350034155522 118.4067371552591 144.6975451376071 89.21647228838488 133.71011635186542 87.5751172651484 209.16094638042657 72.00616813311231 45.598070322795294 238.9357381979948 226.57263326115495 52.46541728670288
72 936 0 0 0 3.2942796822785554 230.06076480588575 170.9228868906038 223.19073317345158 249.89643444907733 40.31310033417699 17.038200893980147 2.1487986683924274 64.8538042164837 2.9178701977640085 171.91819702719098 81.91799159328059 212.34955180855505 136.6025187313565 115.11206370027998 143.12790954405068 88.14208646176283 133.07435823990326 88.5809876442 208.83499476842766 73.9066784544378 43.96314714198806 237.53208889040377 225.23966618581477 51.93135158410909
73 949 0 0 0 5.070365247694445 231.06327352712003 171.6465928136424 222.85599694056123 249.81180281896755 39.95251469714903 16.712446856083357 2.063681245438401 62.638760963460285 2.89108249011283 172.95709582362798 81.13424189643409 211.0999585467281 135.2224505776807 115.041675705914 146.21955350629665 88.94180809776381 131.19641528146857 88.45554784682398 212.57622374241416 73.93088047034524 45.89940342945449 237.0956058660273 224.59676295111382 51.38510852427714
74 962 0 0 0 5.961927320639061 229.90253812147049 171.52878955495078 226.40006343714865 249.93477763085005 40.48191275810052 16.89009710319172 2.6887065138303865 64.48047104905389 3.234173658736399 175.91794088804193 81.71391074918878 209.29298660281688 135.9556376049044 115.35133590709904 145.71874915079772 87.60859873378719 129.40146856860684 86.72911121718957 212.10673479633851 74.8868434628528 43.736244044386424 236.44325517239992 224.3257636472445 47.99540587465624
75 975 0 0 0 5.474249804476285 230.38972799283033 172.08116781441257 226.24240002839733 248.82790433842672 39.933496492859305 16.529633255218727 1.44147355322871 57.91906250542973 2.0321066512997183 175.73053533783516 82.09110997725284 210.15507464509562 136.13294173862602 117.54098391211595 145.78049159778925 87.26791110992097 130.22600973858195 88.21235588604812 211.7448436461448 75.06490654799475 41.75359245508699 239.2485042712163 222.208867147553 47.46176511868169
