% # columns="iter, evals, sigma, 0, fitness, xbest" seed=596332, Fri Nov  1 18:21:15 2024, <python>{}</python>
1 13 0.4869586536893704 0 0.9933469295501709 13.536062691480701 229.2065389628949 167.6263977429489 234.4493471732256 254.3183911930343 41.23646489129438 24.750728188447408 28.796818769677508 98.80478553873844 18.365109273458287 182.08478425992254 89.51063060484609 210.22312176694217 132.87149607969255 112.77752058526175 145.46380980946074 86.50042131481011 123.19519479264171 83.18428135679157 203.288470466854 78.51993442352371 39.95747636659909 220.63205547913026 224.37643871288745 57.85963591587872
2 26 0.4820125992145973 0 0.9920973777770996 12.956091731860989 229.21601637590007 167.3148693111453 234.40622348158783 254.0327677794969 41.77733489241461 24.351138898345788 28.3467514005076 99.24846251651495 19.11429460299321 182.23483580866713 88.60324198182686 210.90356835448978 133.83137211547955 112.43039376673813 146.1932954643945 86.81185818040885 122.5946104223392 82.29478304587704 204.24868097342997 78.15063227956665 40.09370136521864 220.03924251212428 223.89489754924247 57.13897478953996
3 39 0.4752038173065204 0 0.992111086845398 12.607818478818093 228.85578073951683 167.50456040718308 235.20246030938856 254.2252992898072 41.06465752919402 24.412299392046084 28.484004894449306 99.00572200638494 19.904809422364004 182.6288490013772 88.90835411113224 210.430179969604 133.45014218100235 113.3178588114407 146.5622518546763 87.09864726446742 122.64040587819204 82.30256685271917 205.15760136103265 78.32699984292037 40.33243720760081 219.46096126459562 224.64394536538012 56.74504517666343
4 52 0.48268188255900935 0 0.9916120767593384 12.429201301715217 229.38765318879172 167.41742279955687 235.55445020480704 253.71380701684635 41.06929051922122 23.456299056887858 28.032715193466 99.40869325975598 19.669039871152084 181.55464385341648 89.04872976185173 210.50680798569562 133.80218933914082 113.10023020565042 147.0400525810055 87.31912741629031 122.58355969475086 82.01403548909606 204.54226235938947 78.9536966414867 40.67212529048311 220.166789078322 224.4884827818345 57.4494617693594
5 65 0.4994031326395307 0 0.9915273785591125 12.755406854307422 228.54312255769318 166.75396570962715 234.65527625380648 254.02488378907455 41.34508920139284 22.83939439775899 27.660212918720763 98.98881283219555 19.432681204121174 181.74250088950208 88.95052989692601 210.75240282027812 134.41809786413333 113.23326557733537 146.22504094261652 86.51697616186944 123.11612093778852 81.93780606739668 204.26183750571397 77.43481479175355 40.041652961120604 220.37545532004364 224.60339816009855 57.58203839874646
6 78 0.5171315086668627 0 0.9915152788162231 12.65288773555884 228.64559723217775 167.00277832787182 234.68474647311942 253.88725264435672 41.502925560759806 22.453336930182754 27.609214782456004 98.97452907979783 19.300684005227364 181.32872803478878 89.01576190822304 210.21509009347596 135.07126524933318 113.17796959894591 146.35941513107153 86.82263173853468 122.62067746182944 82.23670097425806 203.73343528381633 77.2188937234388 39.55831092688977 219.37165020468396 223.91721584664484 58.16979596760633
7 91 0.5419136055976213 0 0.9914699196815491 12.595486749087717 229.0049309189221 166.47012029679357 234.31000391874034 253.87640441081925 40.84793352099205 22.948197887034542 26.724457433052113 99.94138214926315 18.495598176382607 180.7974651727597 89.542845210889 210.50359508594659 134.66453026173318 113.74413137598602 146.16029836915214 85.74599400927089 123.50507385151542 81.77682736306505 204.34753425345804 77.46428539639756 40.812978428085216 219.29141925720683 224.5900414088984 57.683146546987544
8 104 0.5703330927662695 0 0.9914831519126892 12.610260298251385 229.61822074260138 167.54165256950668 234.9279525110545 253.94380620065326 40.33434659254828 22.65856518406942 27.072065788454406 98.97983697102072 18.30202194499475 180.91661468096748 90.04445020320773 210.49541480878366 134.8557319242016 113.44449537897154 146.83157245123627 85.44410771109852 123.0306344599212 83.14982018971098 203.5998633815324 78.09192018331227 40.1619845626912 219.70685500766353 224.77561364154687 58.2604472255052
9 117 0.6055478362218426 0 0.9914956092834473 12.322040039790364 230.27084838275235 166.57771596975252 234.42355690776867 253.912837919371 41.37503763934569 22.219624971141684 26.378955144229554 99.10959096612073 19.015569994809212 180.5867721975669 89.30377100872539 209.70994268651324 135.6458885516372 112.67169709755301 146.09769380609978 85.35736915734344 122.15906089482377 82.78981973521584 203.15618699524774 78.2596997591317 39.21024966633699 219.7789581742005 223.74335718891876 59.112053646003474
10 130 0.6439609661047849 0 0.9913575649261475 12.662746375184193 229.93101689351084 166.70910825100225 235.0588299608217 253.86091877179183 39.25448341478445 22.409615761306803 25.451951165545132 99.5194370082801 17.40605970457521 180.02502792022182 89.98401970491813 210.20457868798323 134.5925717719825 114.73498970852948 145.57730904380395 84.71367815644436 123.59676524447303 82.42958891675751 202.66158296645116 77.36106071237947 39.18387214099147 218.92343508751816 224.07791576615062 57.10806216052972
11 143 0.661928686319276 0 0.9913052916526794 12.247218210535836 230.48216413946417 165.83843536163002 236.38434639938563 253.9967133707727 40.89994632243072 22.43958186034208 25.570372696974417 98.35301887396196 18.995199263676284 180.0599934491579 90.00695147015503 210.90408011863715 134.55280318808605 115.23525030092466 146.18504321343684 84.39267427533625 123.47209356657002 81.95118897460176 202.9750641379627 78.24759329720095 39.82510432681755 220.5044790020804 224.86867057485722 57.632238940901345
12 156 0.6873705963031693 0 0.991251528263092 12.519217901272674 230.23883605046896 165.90688629730641 235.00259980862987 254.37839768613267 38.63691190761934 22.710658552235106 24.90959514912581 98.08960606643066 19.335921332227315 179.87908757018045 88.88677109094111 211.3508079759885 133.28234172928705 114.18152982339424 144.9995999603357 85.75515721504028 123.90037843317697 82.61229740245314 203.02455857376492 78.20323289816196 39.22404665366581 220.14883606316215 225.2143540444418 56.812888443758986
13 169 0.725964870686885 0 0.9912236928939819 12.69791695116598 230.47392455346125 165.71048578946275 235.6159073293524 254.2808769707965 39.62573866750362 22.276325320767146 24.126562639175948 98.24873344550547 18.634159405858163 180.2476946950366 89.89451714563714 209.84667950462256 134.12865469440843 115.81791902290907 144.0951420982002 84.66613957976148 124.25197218854572 81.90589611996758 202.42567540094979 78.0496332249596 37.944473638470825 219.74264861779997 223.82983811484232 56.1328342147001
14 182 0.7651153415438986 0 0.9911066889762878 12.437134867664552 230.34420920366748 165.62746654700143 235.29713796551766 254.20358596910282 38.833503514010424 22.97478981149453 23.959775468244853 97.64349798055402 19.314578289352312 180.52215535523982 88.9618248952428 209.54599813975776 133.82843881398404 114.4799644936518 145.09209863903214 85.71707160812797 124.72617410830124 82.70459744623503 201.30657147254973 77.7419364013714 38.87759221509992 220.1560413870142 224.86258473728694 56.2262211704544
15 195 0.8153907227635568 0 0.9910919070243835 12.62726519637541 228.866720904503 167.04987670124484 235.17450881482523 254.44212484519306 40.491940450872924 22.35426632846908 23.109867060074922 97.6323295863209 19.08161782335272 180.46063191220378 89.84068973028867 208.79352929934123 133.65952577368125 114.97026913695218 145.59680418682566 86.33220180468328 126.56172848454645 82.59660829893734 201.45785792295754 78.53684438424341 39.24273276120858 220.1870314125942 225.74577797825864 58.94735408580224
16 208 0.8727663167790364 0 0.9909617304801941 12.185807574040151 230.2212537144857 167.14247058946253 235.60280850318375 254.6632488301954 39.754111966611944 22.82425571072337 22.998190249450438 96.9745468104637 19.709358248710426 180.48193329365628 88.8944162413 209.2595086298648 134.11915796008313 115.6142196147204 144.8830041783272 85.64913724274389 125.61434190388943 82.8741869367278 201.63415919338857 77.46353601810003 38.192054349519935 219.54858804672767 225.845126794327 57.49211927470721
17 221 0.916375829403851 0 0.9910135865211487 12.252017132606985 229.6326360728491 166.02113852291265 235.02533344506665 254.87245682199276 39.73004860088475 22.250184682288044 22.221084131167483 97.16541854757344 19.84635167455053 179.4722547670225 90.46405685079718 208.9299746927604 135.13412019596183 115.72145960696503 144.89646579525896 86.55347289345262 125.6108155835565 83.14976035871445 202.28661304750332 75.4725935385586 38.62851013473371 222.440486027463 226.04799189487443 56.642019581092484
18 234 0.9662033830779367 0 0.9909766912460327 12.313998241064485 231.18224833306235 166.24834423504487 236.0867425357598 254.4007024486289 40.002069991315715 22.210323581020685 21.722265347532534 97.65485683150125 20.163745878373398 179.37395048045903 89.98162439450996 209.08960512720682 134.99384385089232 115.9499032196687 145.28752192607965 86.44828892223165 124.74761810920002 81.58986795018345 202.873100397953 75.27277764816179 38.523137534364466 221.6417383296998 226.78618011431743 57.38610570287066
19 247 1.034069009794961 0 0.9911031723022461 11.694448223460324 229.80799367462285 165.66806119430393 233.82403038326675 255.03530411584825 40.75568252982174 22.3100064812736 20.730679842642008 96.88905647345871 21.789743699588172 177.6238026900276 90.15046672294105 208.9452195990013 135.67278503092783 117.27219991512668 144.79703751830593 86.29482041739023 126.58948325701013 82.3356809569213 203.5999321469515 74.71999149867952 39.4946937643794 219.99668513159838 225.27588734520134 55.772396583321246
20 260 1.0801310109124695 0 0.9908060431480408 12.45282403697796 230.0501801962472 165.16736571318853 237.9180275876645 254.68239942618055 40.33058381102565 22.11043945535732 20.846535306586908 96.86474356531726 19.183889048770634 178.796424789063 91.32373629136409 208.71602282126753 135.77371555667128 117.12048732711591 146.26486831460363 87.15220538022801 125.79337689203417 81.043522363082 204.22513801528473 74.5194771315268 39.038991373576295 219.7675438176234 225.07601749478602 56.96440344127084
21 273 1.121135867291711 0 0.990948498249054 12.4691941668215 230.14716025553363 163.66528124771776 234.17464207609976 254.71023852962932 41.41206805421028 22.31645001808434 20.703090488929767 98.03615467490876 19.939377406983386 178.82886235693718 92.42441457402047 207.77660462171843 135.61692085279438 116.54182293765929 144.93812089939163 84.68713702249887 127.86162307920448 79.87782934366099 201.44842201779613 74.67136011105488 40.91523039370412 221.83904264090353 226.0777690225374 57.445691004227875
22 286 1.155052295229771 0 0.9908004403114319 12.542538770461318 231.58601132034568 165.4402746098873 236.1314028840401 254.88464822478156 39.97608012251023 22.37036818120681 21.714433460848678 96.62885679313236 17.705409293974675 178.83806905841956 90.90269961246888 208.00161176577112 136.5107766939465 117.12225532418614 146.95230581590283 83.94299053770581 127.29751398751831 80.75229200362882 201.80554179923016 75.24920272087878 41.572169059182464 222.32466578697284 227.05614893734202 57.45800334127258
23 299 1.2014986655852187 0 0.9905293583869934 12.990562781641966 231.74884451210826 162.6543508864922 236.62433624497692 255.04276035665012 40.03702792167222 22.033873165506286 19.575291856692388 96.25853852779348 16.664873309317443 177.56739754677082 90.60743084720951 206.67259491006786 134.6816018976536 118.2617426052369 146.51299186329442 84.12713590191683 126.88538139797774 79.14788235088909 201.00749134796956 75.29830098203767 40.183053018337894 223.95587080923596 224.91823779615527 56.77898281672739
24 312 1.2069417892673828 0 0.9907076358795166 9.948463055258786 232.473299846592 162.68348532076266 236.06235184970646 254.7782237695707 39.06955949549151 22.544842047944815 18.20725696357028 95.14253120113528 19.01051226373388 179.48011542738675 91.31934952057283 206.70425049640946 136.16584339227327 118.02925278248097 146.48869212901394 87.14388045214328 127.47410389244686 81.29423415062747 200.1575539577092 73.04363148561866 40.263083223152634 222.60370970168205 225.5504304342433 56.694316928373354
25 325 1.2329927181692661 0 0.9903594255447388 10.934920612849305 233.41261741689166 163.20667263443295 236.59447356411144 254.47372988861338 39.95224862508118 22.52924190533095 17.039291937846905 95.818226122825 17.625826162685527 178.3265363090301 91.39243578448043 206.22257090109812 137.07796933075647 117.57845593604007 148.72985433797515 82.99146006424705 127.03611080638137 78.4672736455572 203.13829125597582 73.70842476773494 38.383953392090895 221.94744047278434 226.2529671203562 58.37586097373541
26 338 1.252326373404175 0 0.990439772605896 10.379285928883572 231.83616119748785 167.13128953379655 237.69406704587215 254.36099763313348 40.970773041567334 22.425285492436956 18.732591075999437 96.34946531140288 14.21145615589236 176.6815377119905 89.8958856650861 205.383487537606 136.77604502521922 115.69911566564888 147.16693378385483 84.35623039304579 126.40886512075588 79.44308654782417 203.11242155907345 74.41018168023749 38.87984370188471 220.4690731071096 225.92750383771858 58.307636786134516
27 351 1.2714077932777716 0 0.9905388355255127 10.153761941128142 230.05062343133835 164.33661419948717 237.73544468244162 254.57293160476095 38.98558530640022 22.462617227371 16.561887689851687 98.0984288026523 16.537713618520396 176.95556052851828 90.55729430356534 206.50049060884666 136.23403268188 118.21964976663656 149.3580512492869 84.06962377151233 122.89289890091557 78.87604641200075 200.31620041435843 76.43476698059511 38.88858565721388 224.29949254952203 225.30384767766262 57.11926135673895
28 364 1.3082316033094725 0 0.9904126524925232 11.766146965365394 230.03861690119672 164.44816760796243 237.2924037783922 254.02317221287902 39.89874735092631 22.515506060914976 16.5871301017037 96.07974828991031 16.976292886646593 178.1222732602917 89.28585716153232 206.29095437109655 136.60297656424518 116.47013633418067 149.03993409263623 83.66398497210253 124.47412659420532 78.0798860830335 205.28087354953877 75.80247388991964 40.940094495061004 222.8044494733346 225.56761438856455 55.39559126654763
29 377 1.3432123026101093 0 0.9902192950248718 10.29383553094362 229.4202965469578 166.0710400027588 237.75361350757467 253.2132746337744 40.35745487302752 22.944636821653297 16.168951202468786 95.44559955891059 17.623820182962632 175.68488960251526 90.49393506147376 202.888933682306 136.29796422975932 115.73507052802266 149.56167694163656 84.81198769236406 124.65221154109709 79.12805812708 203.19302151206716 74.85356687236333 39.51142469524223 223.7991222798725 225.4039979149009 56.330871550519745
30 390 1.3633579802073634 0 0.9903746247291565 12.411543713677451 229.88317165719863 164.62119377929073 235.65117821758355 253.1656354149194 36.48581925853348 22.599951931980286 16.313059690955182 98.52782936861848 16.646132261407725 178.17608565248173 90.38571973747526 204.9469948596349 137.14994405576203 115.27053330664408 148.55436645814498 83.90532397081903 124.96983326042711 78.7407020781548 203.01889102753393 75.23657123747427 39.402427310139046 226.16478616184222 224.84500047315666 56.683883792980964
31 403 1.342561212336152 0 0.9903449416160583 11.639132477409936 231.0776490137386 165.66401392579232 235.61897711202116 253.65161563116672 40.19193987359918 22.456099794973937 15.474264155267221 97.33523675498769 15.464165954580979 176.24989338606343 91.19589446695632 206.3686694867718 136.87568952664535 115.40034120882666 149.43244885402595 83.49426628794733 122.38769481431918 79.56035159390228 203.85888338391658 76.1095083226749 39.807358911422284 223.54074869367363 225.62757160138037 59.744330393958144
32 416 1.3339647077889687 0 0.989939272403717 10.058040981555274 231.36359224349306 163.434209926239 236.66936138121952 254.265230253977 39.25638108158899 22.756161162185105 12.95766761697394 97.13566484147806 15.708315531052573 177.85589763073645 90.27427540590742 205.7510804330692 138.0141785689018 117.30028886506457 146.8787771478324 81.64309639528183 122.10587805136687 78.0101734743084 202.9628180593125 78.59937686710295 40.861863330511845 227.65324841893428 224.70131645522534 55.83638779657345
33 429 1.3570091579502304 0 0.9899011850357056 10.286867419139677 227.98863511730735 162.6532332750595 238.88843640092233 253.62007002419028 40.88138147639674 22.7110642137432 12.487822026592493 97.11314284780171 14.993658530991059 175.78337979063798 90.49489057433338 201.82679020695667 138.4788425036218 118.67946005488191 148.27896451936945 83.1316058527865 121.49954993528414 74.34723918394388 202.14138235379897 71.77523653693217 39.06011771563513 228.36688206830286 225.77918358842336 55.19968621461335
34 442 1.3830699411178078 0 0.9898260831832886 10.70355041118711 227.82073340057218 163.31412809159139 237.9350703719804 253.27535558091583 39.243377388654025 22.90823188810062 12.228957869990456 96.93627266436188 14.488414464005304 174.60996893436726 91.88866266546707 202.07949745380498 138.24094731951445 116.37075935679455 147.37816791714488 82.64557265158224 124.57386167831031 77.5998274199392 201.38529242960695 75.7908893221895 39.589420537077345 226.75670711148308 226.37279601468077 55.51579969011596
35 455 1.3863892622988963 0 0.9896256327629089 10.80481420460477 229.09121265058232 162.51716315584028 238.08143981633083 252.2457579543987 38.97002710695056 22.304589574335303 9.687050230394759 96.01736704450327 12.519909262637096 175.48647390696866 90.5211351562318 202.397531493499 138.98663528516337 117.95687412558532 147.6169932365315 83.17606049236464 125.04899544933035 77.16975217991192 202.4429559007794 74.30647091350343 40.327566201117165 226.7219577021233 228.05554081481566 54.72254124058706
36 468 1.3900339312633638 0 0.989600419998169 10.344253919567782 228.97106869847565 163.86295266573842 237.24005140544367 253.09994501784317 39.757762083621245 22.7294484557648 11.693148356690022 93.9053447527017 15.453908156725111 174.84322944987278 90.90464928449802 205.28346201555772 138.07481074188053 118.69863738852257 150.26860823102243 83.00567493875417 124.16497729947804 76.29460020443341 201.73514237159293 73.81765217551252 38.78042769386103 228.54398391674889 227.129102671083 55.95361338463109
37 481 1.413924609651423 0 0.9892127513885498 7.102495935006881 228.8290128067969 161.8929838732135 234.54569087820082 251.8741737964428 39.17631993599401 22.996852213783917 10.191283794448333 93.72625173120467 13.350341137018873 174.6449053663904 91.92814928522483 204.3379560795968 137.85377244414886 119.80434715389143 148.80914518274963 84.02597000532205 123.54725281702245 78.243549880432 202.411465382526 73.55050137320919 40.00467165477927 228.50338203911295 225.72054687857974 56.602341250159135
38 494 1.4737126600398947 0 0.9890774488449097 7.888967561443366 228.05952180538992 164.0817568917907 234.0854479653251 252.6554183234046 40.49460620361256 22.285761926814843 8.352498818339377 93.17913989116357 13.78688921476091 176.43504080049235 89.82532343981579 202.5150124167459 137.04722750133294 121.32054101853105 146.6154101198871 84.77814615930673 126.39649518348513 78.45160779600359 204.9065027329253 75.51946576765421 39.1352261052539 228.38141206276222 228.54503986679453 53.97344973133335
39 507 1.5200217568693546 0 0.9888197779655457 5.875383566223525 227.5744685366791 161.8847848197191 237.06947245301146 251.89489376637573 39.47662477454249 22.806782645269784 7.923911717093389 93.10637279308203 11.928361150489796 174.55661637379077 90.73271013018423 204.16212519033022 139.72576022169062 117.8322307448717 146.16696196493658 84.55651666492012 126.41635556199225 77.83153263363745 203.58010710346304 77.29402431977596 39.55008699456875 228.94086845934956 225.85887656865452 53.22112458663944
40 520 1.5541332143828237 0 0.9888871312141418 7.6190749623353575 228.731618564963 161.1817137894441 235.20473285155578 252.24773321421299 39.18678282917617 22.239984102707176 6.733102389765845 91.26735276825738 16.032585349467247 173.6697931724925 91.66820265840069 202.45167031764132 139.91422049361987 118.58194162191873 146.43789941092712 87.51825533482354 124.58052043249967 74.92159645232651 203.1377379665939 77.0342609803325 40.348804469132254 228.49791154878957 226.2098511240958 53.890477927499
41 533 1.6095985941081594 0 0.9886731505393982 6.114897956629364 230.06479216177308 162.55475739573583 237.39643180605913 253.58954847510157 38.196026053907275 22.017156936011663 3.758699664218587 90.76521810042007 12.540476460298947 177.1922786856325 92.7410477759447 203.54875851193557 139.2162684565038 122.11874404861888 147.89734081145647 86.02639991586626 127.41458618378195 80.58041745444429 203.75584974984648 75.70209920763436 38.438225765308616 230.7119604397523 223.8145475865811 54.49645428938749
42 546 1.674606093184706 0 0.9888187050819397 7.735218483555451 231.2438636789774 160.7377938408915 233.9176122176699 251.59665228671057 36.522129734843816 22.61418726332672 4.265761097297907 93.3367040769265 11.33992738928386 174.14533101391825 89.32087293096477 206.44381326428703 139.3729299773346 118.02868514697057 149.25171141031348 90.50165010079489 126.33650999720955 77.52560454637361 204.66023344692474 78.0711446074867 39.031185031361645 230.8004819289109 222.7821733315547 54.42274105210537
43 559 1.737785481826802 0 0.988436758518219 7.377685082644232 230.6998761061873 159.0242953435959 236.45849243032202 251.1282511204834 34.98497193949034 22.619731530875626 0.6918900906165235 89.63986528766532 11.762077144161514 175.1383175265573 93.52037843591155 204.15830714767685 138.90147287523683 119.27753252611315 144.54911291343163 84.60384301757834 128.57986301416076 77.64694222610485 200.2286535122253 75.68155353507565 40.8352308138685 230.49205712901087 226.5692365586586 50.385259598334684
44 572 1.8065326490210099 0 0.9882926344871521 5.60982688972228 233.07391892904744 159.17411518194805 234.98604971910098 250.24718516262152 36.97153899230571 22.3235363358903 0.07111423573699058 91.75299727645269 12.116640577904855 173.48184892789197 91.73120177795913 206.3102279408441 141.04302216538028 119.37960349781649 148.9496143014636 87.11128732847774 125.95413885794346 77.6732483257247 202.75194929655902 76.86624002352887 38.61829307795401 231.6673485926552 227.3226211161777 52.7921958620238
45 585 1.8738318964459446 0 0.988468587398529 6.892887568877566 233.80686531793998 155.34006788933883 233.783133249314 250.7257157572055 39.98330753289041 22.945771137690485 0.10041876006339712 89.79165179292451 10.438830693572621 174.8966832890015 89.42250202234952 205.9000644070264 141.1359040140645 120.98920478403907 146.4097467325105 88.65917665877811 128.71837439988812 79.55433003595222 201.12776781318811 75.8555179889928 37.54221884895255 231.3866637074914 222.83977349999986 54.68466529899044
46 598 1.9404963278451148 0 0.9884967803955078 7.845839739193487 234.95760212733134 155.00510616160312 234.5610407590611 251.2332700284572 38.42617029964876 22.12613305214516 0.0017672492148837096 89.8463086444339 15.022133337603663 171.9043364280939 90.36371667878392 209.3448965710845 140.1565886642536 122.21322258610779 145.74917218073463 87.70001633687224 126.65522537308188 78.4067805744401 201.3752071423935 71.29479221535367 37.05697855156039 228.62032857683752 227.18872202159244 54.69764024531509
47 611 1.923657142772814 0 0.9885968565940857 6.468975116087858 234.82241915516644 159.522046369558 235.83969401530933 252.67978724747792 39.44554418503165 22.281383246790753 2.942234732349762 89.27632718841403 13.35497125266936 174.28915445412972 89.40002533991564 205.89599598171216 140.17959838595226 117.73955717961016 149.2139022389885 89.93944571316271 126.77225955989209 76.54625387242127 204.0346603326542 75.33689329315064 39.623122594158914 229.32571076883895 223.74986845961556 55.17694805379485
48 624 1.8991931630259296 0 0.9885208606719971 6.884008592505859 236.66110046792735 159.57354245698662 233.47648855916106 252.99708366103212 37.5831107024413 22.331386262091947 3.304375571090043 86.9155064974277 13.280420894866328 175.08747691599163 90.0554289650398 208.74531638265373 138.44947896799277 121.52965719415283 147.64115696658612 87.93835319355786 128.13737774346987 80.27497112219157 200.72840928955185 73.35507899969546 38.81090738672517 228.79225640623918 226.5310594368637 54.32906224189326
49 637 1.8865321723949304 0 0.9880852699279785 5.437137416006777 235.60351795843266 158.83062270427558 235.65367911557178 251.8216867724303 35.68151779970845 22.419341680723818 1.540931576499631 85.55988105709734 15.880998055807105 174.79027480054492 90.16805900243244 209.4205842229854 140.2891603796279 119.83898738265113 147.94986966249726 92.09665332260082 126.44372847206924 78.1298155974679 201.18792995067875 73.73794410732884 36.27626241989776 229.33659981265455 224.22948291915841 54.398031458000524
50 650 1.8105707606131336 0 0.9882596731185913 3.968737891198316 235.29759134876787 159.14025856294498 240.1474779322832 253.09456445782797 36.74175716843435 22.06320601841076 0.8566806016804569 89.3525203958473 13.45563802618819 175.91996718869814 89.07437676155774 206.82281422667756 140.77041113676017 119.58482900220613 148.28769083726823 88.38164147623063 124.79604866982893 78.56994954138113 201.5941154155476 72.70141438451259 41.08122953164729 231.13876354238516 227.94360212989426 50.75093811358902
51 663 1.7488732494624495 0 0.9881315231323242 3.986626591745694 234.73470721714358 159.83895609554025 237.06237423210902 252.23119007043024 39.234044509926285 22.442446487097584 3.8251642316544903 83.73195492849916 13.755913557567915 175.24154171444695 89.96421977815368 206.56175019137515 139.079341243754 123.94238562815451 150.8285205724709 91.26734031116146 125.31473891017322 78.2806270712129 202.11419560848242 71.40125009167386 41.05967594403733 231.32193740186923 225.2610409656765 55.16869415832799
52 676 1.7086438274284546 0 0.9881194233894348 3.5198101554889933 234.9568869619438 159.2969357409788 238.62978252178263 253.87749732484622 37.800011683973175 22.18707341242864 3.0045983672868815 82.64028308418705 12.386227110772206 172.59050252928265 90.73700332274606 204.00778496844538 142.04608106616442 121.09100760708546 147.17378581470015 87.84138613958721 127.11881325933943 77.80275021396689 204.23559992483206 72.63673958114582 41.380251804161496 228.12279899413238 226.18954095213542 53.35440000274538
53 689 1.678325345194254 0 0.9881163835525513 3.473061206310612 231.61053254513877 162.00732660095136 233.22059825414826 253.8795375108047 39.031114677208905 22.102032143315938 1.5744618534653552 84.34856922256118 14.433428919783521 174.3890449657273 90.8990445380594 208.69543718554897 139.55619214052209 122.20997748794603 147.35238918589096 90.37277195524699 128.01259080351173 77.6921453489461 202.82683335453987 72.27503373655304 38.55181842931826 228.68689440432019 227.3595507121148 51.071793259040966
54 702 1.6499794624635984 0 0.9879889488220215 3.856629225542572 234.25200431020795 160.9172033489304 233.82546488622825 254.21864158555076 40.506367503520714 22.911608693836293 1.7889543817640314 81.07843453118367 15.69837446392344 174.36699444344987 89.29381668711578 205.89443058609663 141.00016255191477 124.36621739543368 146.1501092752271 92.14636227795151 128.4479554085881 80.6886557185432 204.0600694251791 69.1612422466576 37.66734799819017 230.08693051486347 229.11498146068354 50.504676658064476
55 715 1.6270444187678796 0 0.9879046082496643 5.737870169226208 233.19018386721638 160.76533729578335 231.45465789905097 253.55178568639735 39.62556329681302 22.261398057160196 2.064188608996175 80.49158572727491 14.412987214212338 175.15090528000536 89.11666251018282 207.97466753478807 141.62735612212597 122.47140801142793 145.263544255341 89.59934565280588 127.85233567696487 79.79242035984417 204.5187857387113 69.72601161240672 40.723454607460766 231.66394054841882 225.950935605009 49.56746115460117
56 728 1.6100047801346264 0 0.9878259301185608 5.519106462342932 235.35210054089137 159.8018879683798 232.37031704313264 254.23041864388995 39.420848831080015 22.393678971063874 0.4380179520446158 80.68481129667643 13.27845196922489 173.28333022890882 87.44346320955134 206.29899341391126 140.2874368153318 121.77020318497024 145.05825556408595 87.74060433993441 131.27756954994396 80.85589924596998 204.55557441657768 70.66262135562656 41.46430471630815 230.7418375874165 228.08745369449028 53.20323378730579
57 741 1.6033288762079603 0 0.9881961345672607 5.548398365488089 230.24075970014604 160.88340020112847 230.54695634568372 253.44068524566242 42.89651654638091 22.778045928217566 4.0925171971175525 84.66528609236518 12.265649529722182 171.04415468576468 87.58963150605157 205.66508306352935 140.31491188360664 116.63693422245177 147.80829632335013 90.89107553589604 126.44927051942608 78.91023219735138 205.48500770056825 68.77063130303289 43.330571632754754 227.78892997462086 226.21874677633144 55.75511604231357
58 754 1.6306861420904717 0 0.987859308719635 5.928312066609032 233.45458915950007 160.38669637231297 231.42695939393 252.29913835640605 42.02313399435169 22.573887848235273 1.1349216167857874 80.83209980725012 10.939718169901466 173.9080819875023 87.80972038939876 205.1559066703583 138.97483886544416 118.79212979234794 147.38627484048385 87.02467764971495 129.62486260226564 80.19135290098426 203.18076518138753 68.65519167492877 44.0768174320654 228.85405171848691 229.0218838523942 53.15768888332144
59 767 1.660111015975749 0 0.9878701567649841 5.7978299093314 228.96408343797552 161.05157765721913 232.22091266742117 252.93027853876967 36.04487515895086 22.070898865209276 0.08908226800309982 82.65315714913353 9.870978490392263 171.36273508773058 88.08406603667628 203.83296009961316 141.89675493917997 119.42995391204298 146.1250514001792 89.39128474538111 127.47648646779281 81.98837110082077 201.6402869097164 69.2792190098772 43.68258439719054 231.62575870215662 228.61104081970313 54.00783327624837
60 780 1.7835488303448022 0 0.9879470467567444 3.7444910694590994 230.69851978301793 159.99639452556374 232.48158789186647 253.2976840860869 40.77130198144041 22.33356197747638 4.440681742623751 78.55619285872669 9.242409987353088 167.7626255777081 85.27111014058156 208.448071466704 142.11092315879952 118.34458104577277 145.1531217174833 85.70024515742118 129.18875357974798 79.60726918298663 202.8095539182653 69.51737060933135 44.746801653115625 231.69031532343146 225.0685917861316 57.45257365889791
61 793 1.8970778285465424 0 0.9879543781280518 3.0018798585255446 229.4220462706624 164.17670261164136 231.77913053830798 252.5209093316762 40.501967668559196 21.197383790182528 1.1593065190542389 77.04339428674896 5.4512716437076065 168.1040687098154 86.74449951583786 210.45070635961144 141.10019894163614 118.92829248257219 146.1838511215147 91.10869340182927 128.44389076115422 84.8829459628657 203.3473847724269 67.36500252906585 43.775748142698475 230.17062946280072 225.86922308721572 55.92852549008554
62 806 1.9691701278099902 0 0.9881006479263306 3.381384288078027 230.3489512354502 160.9173534755952 230.93336495752993 253.6326632328073 40.1907236023155 21.67544458005117 0.9996203267196249 79.567667890075 10.28708369682515 168.66064055319245 86.49499520235156 206.78114887061417 139.38912796600297 118.99322376586868 143.52778633354075 88.955452059508 128.40595111613214 84.80709018311144 203.0196319784346 70.39855978317865 42.37813292494474 230.78198244995613 227.78933349092802 54.42547242362038
63 819 2.045789114077723 0 0.9875150918960571 5.46110963951498 230.73917269177457 163.42219256212042 228.38779022420377 253.58288172708544 42.458205003348944 22.576387532429592 1.621473515795112 75.35061721382644 9.793442446354051 170.2049273692509 85.45350161264236 207.19749695778165 139.98986130957124 119.09730530224861 145.34700226587822 87.12314500431609 129.0433205024413 86.49880537062029 208.49706036688085 70.52502087902734 41.38937562088561 232.76948323736892 223.3633798871576 57.9960654138812
64 832 2.1201892498198625 0 0.9874634742736816 5.023784660915361 233.58912144514974 161.0189969859599 226.98742998879496 250.99652184844896 39.372297067698725 22.812938339541727 0.7251123209116711 74.11223695606802 9.065322133323633 171.68087545412916 85.28692744453082 210.51564714293417 140.90337132194355 119.58881693989203 143.12619771538658 88.82011216811735 132.96107628299933 87.82729649124535 204.38743245696935 68.85295400984973 40.622325121593164 227.68001429286778 225.7657134968235 58.83754953401253
65 845 2.210379332930216 0 0.987559974193573 5.422040891790004 231.8377516442997 160.99993562882798 224.1857422109551 252.29783342971172 43.044627822372284 22.474697168926717 2.1344016194350113 74.28353913974611 8.023437397575115 173.8574083053641 83.71234968498608 212.86329126128499 137.2914761483066 121.03154445161461 140.8934835326151 90.72033728570574 133.26211352589138 87.91459303247896 206.588957893984 69.4193869270393 41.57159924278407 229.43600533623948 227.96275277804855 52.951779069712636
66 858 2.2284571178559878 0 0.9875836968421936 3.524218044721922 232.54465788765967 162.84864077116123 223.0561513980922 253.52553721078078 39.45839735917222 22.963632768727706 0.2696977660591563 74.48781167985278 7.941985002390302 173.56307582245827 84.55046218397918 210.52593786437134 135.27139125781386 116.21167370071974 146.47637866836692 89.53640878918587 135.64832999647814 84.7282593878333 207.68199502929093 71.64337730103965 43.65246325590465 231.55068903982982 225.51478115928023 54.14416450114277
67 871 2.275246500584197 0 0.9875124096870422 3.9384682727818854 231.06888065575436 162.26489085823982 225.92733935613677 250.74250944664723 36.234477550018426 21.02240115424186 0.7608240690359402 73.44472448024602 4.403294677906134 175.77394848011926 82.19811327255194 208.23410642557894 135.4634407053372 117.12597230165423 144.65016146398747 87.70338294496145 131.97646046122784 84.49023739303527 206.37893078520344 71.42318569465598 43.21679963106173 236.11558394886598 226.6329575107928 51.771070681369665
68 884 2.3336401405467337 0 0.9871975779533386 3.772362117345161 229.10755575703368 164.86224775588104 224.83235516962003 248.0357108542424 40.849193227889366 20.814498388172254 2.8237308584127745 70.98515852750205 1.9556438217234238 171.54560842133273 81.22758645079021 208.0492050486449 137.85464114592804 120.35169380382072 146.6590517245923 86.09690949656425 129.73736522698746 85.44261379491788 208.09103179267817 71.0816147671529 42.43099444419463 238.8427604131587 224.20947066591714 54.505356141074074
69 897 2.399530244749408 0 0.9872254729270935 5.59186512680461 230.90868873346182 165.32298054760875 221.8241249050277 247.62511944102513 40.83286349605883 22.378491264047938 0.49182525886020323 70.69766387802159 7.3636014066066195 172.4430964642128 82.24081630514377 213.23957085082225 134.61634677643966 115.99325162768905 144.16586203331434 90.43047875260565 134.79139224864954 83.74650264685607 213.70250473600328 71.75527552821585 40.4936331552949 233.4624692775891 221.41597334545753 57.0558036550391
70 910 2.5188530287295983 0 0.9864150881767273 5.287138995202354 232.43085722807947 164.53401562419126 219.313262628773 251.67755446941476 38.89815131404345 20.02278556844162 0.22536162557759198 65.82777867337026 4.200595548756327 174.42243189116311 85.4681039807006 209.5383017341483 137.03471976375832 116.50915668145176 144.837831657591 89.30397618464963 133.67130267528745 88.59357309584763 204.02497396791566 70.10189669737164 42.40051454703692 236.2374261720786 224.78174069430824 56.88865383330879
71 923 2.6590557401426462 0 0.9831047654151917 4.0214386489237475 233.93279900906504 164.13587955252646 223.16024014142587 249.430453941957 36.60796168822597 16.896779839823658 1.9565447668018816 64.75232666314565 2.2084549142425636 166.0792514203657 85.32326808151066 212.6773949243507 139.05747858117945 119.87699256049726 140.99074280340204 87.89065245606267 134.15035165466512 90.62828042183173 209.69607955555432 71.4540762307406 43.918844607198444 240.8410614296635 232.09180672043036 49.564601513722735
72 936 2.817520645895067 0 0.9833094477653503 4.6968547476713 228.13893068660636 173.7739996300925 224.3788057494145 249.3152860020199 41.572538309623944 16.56652800215518 3.2060566045180563 64.57705541478374 1.0513202249763403 174.34053734326017 79.91912961759137 215.62872351215273 136.45104891518133 113.86802932789848 140.71051470776285 85.64822166388606 131.591088826888 90.37864967307048 210.9084873358773 74.38682471663124 42.022083330319944 238.17208086329344 223.63790383497934 49.92289170192092
73 949 2.958079145752063 0 0.9826332926750183 5.141749133164499 227.1645781650002 173.16908612102128 223.6990466846045 251.37123676353457 41.744760964662795 16.460118654557725 3.439605092926894 63.66840160638233 0.9245184164165803 171.90295594672972 82.46807658902338 208.19944776376218 134.2904295491121 115.17764096639878 149.4961877272193 88.22266362234987 128.73011348148802 84.93473232931431 214.7136668337181 71.57222786960229 48.3185256752837 237.51421624778428 223.15482494711802 51.46273950295425
74 962 3.0284424420132914 0 0.9837067127227783 7.2763070569947494 227.30915327674654 173.21192431198406 228.58287852466654 247.8893247330705 40.41773141053185 16.504754785517854 6.755117753199813 64.1148442397548 4.790954061534757 177.54485965004503 80.28192607703822 209.2188909602102 135.9216981902695 114.50356934095024 147.1412064673688 90.97819084403491 126.75707661918436 86.05755740911766 215.17852654791633 74.0344587859438 41.47344785831051 236.74796903273952 224.45714602131898 44.767448278295056
75 975 3.138550480029692 0 0.9815719127655029 3.226845337370136 229.16293967815062 174.57495165844975 226.14323185238172 246.22103061545238 40.90862800244575 17.095744941477058 2.076855765175787 53.59132119419632 0.6211648720280909 173.89644293213385 82.12026786849312 213.5439045479357 136.48392244461692 116.82165976564575 146.35460114989357 90.66003768586945 127.38907216388903 90.64052632847401 211.76769716636153 72.98964397271881 42.76361599633738 240.45343657669605 221.05562938777734 50.89697478988207
